0	-1.57079632679490	-1.57079632679490	0	1.57079632679490	0
-0.00500654204031074	-1.56745299526776	-1.57768372158249	0.000684777803864764	1.57038216845287	0
-0.0123866784113598	-1.56522817833617	-1.58373775108104	0.00114843917109658	1.56946558194939	0
-0.0218723429068867	-1.56408190783051	-1.58909731621905	0.00140197379776966	1.56810122480405	0
-0.0331183449150522	-1.56395544674562	-1.59389271055292	0.00145905116650894	1.56635927667091	0
-0.0395187489209176	-1.56426760075563	-1.59620082155111	0.00141643397380782	1.56533292558875	0
-0.0462150284813496	-1.56482412741025	-1.59840007757013	0.00132730473171616	1.56424042186356	0
-0.0531360286469751	-1.56561120883251	-1.60050242707312	0.00119442063046941	1.56309574292830	0
-0.0602067252237702	-1.56661011838842	-1.60252152773761	0.00102142175586284	1.56191378973946	0
-0.0650395771776071	-1.56738569796680	-1.60385828556150	0.000885492076261886	1.56110106432557	0
-0.0698793923345996	-1.56824867003309	-1.60515905296906	0.000733061741572773	1.56028276709198	0
-0.0746995612915969	-1.56920453142388	-1.60641365853793	0.000563123591205320	1.55946292873517	0
-0.0794762410301410	-1.57022209222160	-1.60764904534988	0.000381508004651018	1.55864822523816	0
-0.0829678898230256	-1.57097471171680	-1.60858732081597	0.000247049588674687	1.55805451438877	0
-0.0864072974853835	-1.57179144985808	-1.60947765441728	0.000100569684739739	1.55746570727676	0
-0.0897814830470058	-1.57269340980627	-1.61029526260550	-6.18478320433489e-05	1.55688212614076	0
-0.0930904639113752	-1.57356937835069	-1.61115219132722	-0.000219557415268948	1.55631314368164	0
-0.0963319555016918	-1.57433855050211	-1.61212895565986	-0.000357610058854450	1.55576585055402	0
-0.0994788981051455	-1.57516204145439	-1.61305498227102	-0.000505849927344172	1.55523097782126	0
-0.102518003202150	-1.57606443343463	-1.61390098279507	-0.000668815216514183	1.55470854553099	0
-0.105454792940690	-1.57689984525907	-1.61481457044143	-0.000819597775090780	1.55420977224688	0
-0.110004777839546	-1.57804556111490	-1.61651335693739	-0.00102597870717020	1.55345597659819	0
-0.114188320648539	-1.57924555407879	-1.61812103701806	-0.00124291531926830	1.55275984133925	0
-0.117676175934707	-1.58012739918171	-1.61975866818715	-0.00140233749729948	1.55219743359188	0
-0.120800135028700	-1.58102267786233	-1.62132151254288	-0.00156475495581280	1.55169397303331	0
-0.123393082835552	-1.58164696794103	-1.62293342017240	-0.00167828991286416	1.55129433499564	0
-0.125625872617920	-1.58226001845264	-1.62447618583233	-0.00179025833594832	1.55095381308853	0
-0.127443459115386	-1.58264290319589	-1.62608999372219	-0.00186084174313176	1.55069623871993	0
-0.128894653508796	-1.58299786565342	-1.62763227757505	-0.00192677147688524	1.55049913994105	0
-0.129969900715991	-1.58313556268671	-1.62925044107046	-0.00195373039778822	1.55037774763809	0
-0.130670059523685	-1.58323370447320	-1.63078929713785	-0.00197385736935082	1.55031829781432	0
-0.131006226565461	-1.58311955234775	-1.63240257820856	-0.00195596413040563	1.55033215319075	0
-0.130956991649132	-1.58295856829916	-1.63392334611453	-0.00192982512161776	1.55040940860843	0
-0.130540407111535	-1.58258567973020	-1.63550728125037	-0.00186573633715128	1.55056008200029	0
-0.129730119221168	-1.58216333423592	-1.63698054733250	-0.00179279047218272	1.55077500102254	0
-0.128546452227212	-1.58153036827746	-1.63849914750064	-0.00168206812773517	1.55106373444866	0
-0.126964538847340	-1.58085050874644	-1.63988409820090	-0.00156276911762745	1.55141663539621	0
-0.125009100863602	-1.57996521589968	-1.64128999836892	-0.00140650642468843	1.55184245466668	0
-0.122656944780051	-1.57904118103437	-1.64253536149613	-0.00124291433028926	1.55233105566626	0
-0.119941732411660	-1.57792269790519	-1.64377357301858	-0.00104416469246888	1.55288959925084	0
-0.116838530760359	-1.57677912072063	-1.64482171430640	-0.000840299732808652	1.55350806286648	0
-0.113397499441556	-1.57545889543222	-1.64583304222588	-0.000604284346391073	1.55419070794114	0
-0.109585210247875	-1.57413198571283	-1.64662415778630	-0.000366233484799295	1.55492886209588	0
-0.105481947039841	-1.57265413380928	-1.64735578273698	-0.000100500362885893	1.55572171709780	0
-0.101032860869333	-1.57119294825426	-1.64782541832333	0.000163299353249715	1.55656346027256	0
-0.0969214579903462	-1.56980014267848	-1.64818192438368	0.000415188301892890	1.55734116022028	0
-0.0925649525829868	-1.56844305922837	-1.64826447221600	0.000661742183180433	1.55814916800616	0
-0.0863005591005923	-1.56649280484725	-1.64829689331010	0.00101651868090495	1.55930965898458	0
-0.0800173222729207	-1.56460212299352	-1.64812209712763	0.00136138317572422	1.56046478242143	0
-0.0737212126197014	-1.56280535425783	-1.64768815976552	0.00169018457787011	1.56160968728075	0
-0.0674012904516360	-1.56108672237030	-1.64703288179764	0.00200553371794855	1.56274837780021	0
-0.0611087414654161	-1.55941596493254	-1.64625869471887	0.00231250993430955	1.56387755720487	0
-0.0547294764283879	-1.55778550638638	-1.64530818394668	0.00261258977830724	1.56501477851302	0
-0.0482688384480175	-1.55622848004669	-1.64412196553941	0.00289973882720782	1.56615504128135	0
-0.0417313175149918	-1.55474082840206	-1.64271572283769	0.00317444765623417	1.56729832070318	0
-0.0351451018522601	-1.55329118586081	-1.64117291856360	0.00344209394228023	1.56844464206283	0
-0.0284782771733796	-1.55189389502748	-1.63944355906322	0.00369999678374180	1.56959670036921	0
-0.0217405194002389	-1.55058240782656	-1.63746995707013	0.00394186921032026	1.57074868219702	0
-0.0149424650433280	-1.54935502077699	-1.63526493206002	0.00416768912089761	1.57189922421972	0
-0.00810522065701865	-1.54817841398919	-1.63290788076122	0.00438325118917145	1.57304951987814	0
-0.00122365081807749	-1.54707241143847	-1.63035569158442	0.00458468863202056	1.57419755527691	0
0.00569054037492966	-1.54606969491340	-1.62755381159906	0.00476562231029627	1.57533718711709	0
0.0126249733145639	-1.54516773521899	-1.62451633395687	0.00492609231336325	1.57646678051264	0
0.0195635555048593	-1.54433054856981	-1.62132181957751	0.00507247694958624	1.57758851634536	0
0.0265016295086292	-1.54357866432113	-1.61793253206014	0.00520059875478965	1.57869876384398	0
0.0334271228367665	-1.54294339866480	-1.61429712250736	0.00530408530429748	1.57979138982900	0
0.0403280153374258	-1.54242044866548	-1.61043156454026	0.00538324211329864	1.58086495128095	0
0.0471929214832240	-1.54197122005293	-1.60641385009673	0.00544508285679988	1.58192260711218	0
0.0540131091590590	-1.54161545420390	-1.60221078626234	0.00548541247482436	1.58296016792185	0
0.0607770079440299	-1.54138295913830	-1.59777392896716	0.00549789931471892	1.58397169475422	0
0.0674739030137339	-1.54126757930212	-1.59312082794353	0.00548317379620654	1.58495613138646	0
0.0740971024969301	-1.54122859352342	-1.58832816713530	0.00544886105965395	1.58591759422843	0
0.0806358941306796	-1.54128448038302	-1.58336696892522	0.00539086920937713	1.58685174669326	0
0.0870796695067670	-1.54146366871928	-1.57819126323213	0.00530290127086875	1.58775293915419	0
0.0934194465263555	-1.54175843491794	-1.57281960250851	0.00518590895993685	1.58862057365319	0
0.0996531164660426	-1.54212662834055	-1.56732626578889	0.00504805461377305	1.58945964889720	0
0.105768900162963	-1.54258533951823	-1.56168638827979	0.00488541639048827	1.59026587688594	0
0.111757363231317	-1.54316190366517	-1.55585600901073	0.00469169930254567	1.59103393222392	0
0.117611394507287	-1.54384746893682	-1.54985404030226	0.00446813888685875	1.59176367399082	0
0.123333193575330	-1.54459922879383	-1.54375110507552	0.00422332371945586	1.59246085148386	0
0.128910339655375	-1.54543285867827	-1.53752666003464	0.00395356071144902	1.59312133774629	0
0.134337476235491	-1.54637444988203	-1.53113980414594	0.00365263299038136	1.59374073685571	0
0.139575973590153	-1.54741718831178	-1.52460749824281	0.00332147099711594	1.59431309422108	0
0.144663956250699	-1.54850596341999	-1.51803985371647	0.00297228399230697	1.59485330865241	0
0.149611004485636	-1.54965772639016	-1.51140268713039	0.00260090456535226	1.59536051897516	0
0.154389236173700	-1.55090056124905	-1.50465018671803	0.00220053251882010	1.59582593040033	0
0.159006606364170	-1.55222470702165	-1.49779677879024	0.00177281075676435	1.59625207063907	0
0.163515509537894	-1.55358840171945	-1.49089541493608	0.00132660970832203	1.59665306071119	0
0.167891420244223	-1.55500783361446	-1.48392443742187	0.000857993882448906	1.59702253251252	0
0.172102272967868	-1.55651114845721	-1.47684026247549	0.000359898821143018	1.59735101459998	0
0.176153463790053	-1.55808974320818	-1.46965606590877	-0.000166242066559931	1.59764049200854	0
0.180095313371533	-1.55970180087913	-1.46242598722200	-0.000711198419392826	1.59790485904597	0
0.183883539257263	-1.56135504451125	-1.45516556618091	-0.00127615075957131	1.59813649104664	0
0.187481971470157	-1.56307448124035	-1.44784391761145	-0.00186724609513284	1.59832597600772	0
0.190895740765937	-1.56484784602171	-1.44048568719149	-0.00248161997018803	1.59847608838997	0
0.194169121955136	-1.56662998072270	-1.43315935867566	-0.00310818390406670	1.59860064805497	0
0.197276007871529	-1.56844276020582	-1.42581928763015	-0.00375294005883156	1.59869149135989	0
0.200181168540360	-1.57028191800400	-1.41854515845389	-0.00441180976793024	1.59874659384180	0
0.202894236765531	-1.57216028627201	-1.41126013472828	-0.00509047664428270	1.59876309360158	0
0.205471423683564	-1.57404123448311	-1.40400736055055	-0.00578007949181319	1.59875529360166	0
0.207890133822654	-1.57593481310295	-1.39678368137875	-0.00648262976129653	1.59871846233682	0
0.210120482299154	-1.57785300649862	-1.38960154480671	-0.00719977819905098	1.59864726534316	0
0.212173477684352	-1.57978965063262	-1.38246347333146	-0.00793011681720401	1.59854418123481	0
0.214098024403520	-1.58172314975363	-1.37535818673861	-0.00866995234354130	1.59841861350202	0
0.215874326600251	-1.58366006304898	-1.36829568532442	-0.00941994011335368	1.59826721263523	0
0.217472225970492	-1.58561108821980	-1.36129113396286	-0.0101812002441081	1.59808481887578	0
0.218902328201432	-1.58757071769751	-1.35434664515751	-0.0109523645148402	1.59787379448301	0
0.220213717876884	-1.58952043325762	-1.34744471750389	-0.0117306563874651	1.59764309098390	0
0.221386279638997	-1.59146527178528	-1.34059938169370	-0.0125160890831707	1.59738960385151	0
0.222389996998926	-1.59341516795937	-1.33382726431018	-0.0133093935824172	1.59710832846074	0
0.223235333506866	-1.59536547463795	-1.32712925232485	-0.0141093449883134	1.59680149802368	0
0.223970951716593	-1.59729986388478	-1.32048366875105	-0.0149138708166634	1.59647764772573	0
0.224576933538703	-1.59922229778783	-1.31390725481502	-0.0157224634373603	1.59613391870858	0
0.225023293669330	-1.60114206062560	-1.30741810887720	-0.0165354747203689	1.59576543378617	0
0.225320303309648	-1.60305519201045	-1.30101617756805	-0.0173517948047577	1.59537430740186	0
0.225516013966352	-1.60494708229716	-1.29467644710387	-0.0181699642246112	1.59496868798578	0
0.225590914359314	-1.60682085394186	-1.28841775146612	-0.0189890134372322	1.59454595410655	0
0.225514976985591	-1.60868524119439	-1.28225965341366	-0.0198089252902060	1.59410133496685	0
0.225298246646381	-1.61053683085689	-1.27620136663625	-0.0206286831907773	1.59363683501475	0
0.224988066382222	-1.61236230614638	-1.27021527025804	-0.0214473480346560	1.59316025668348	0
0.224565425328692	-1.61416414329245	-1.26432182945312	-0.0222635415057623	1.59266919629226	0
0.224000196036416	-1.61595059789193	-1.25854211158205	-0.0230768803401498	1.59215897522459	0
0.223302172152407	-1.61771867461532	-1.25287479606527	-0.0238864178296988	1.59163149832887	0
0.222517959428596	-1.61945598718004	-1.24729024010758	-0.0246916497772726	1.59109426601298	0
0.221629066007686	-1.62116451313516	-1.24181022776771	-0.0254908326846187	1.59054506870013	0
0.220605222833615	-1.62285207941999	-1.23645740680468	-0.0262832150984732	1.58997931141315	0
0.219455958420018	-1.62451599266554	-1.23123010575996	-0.0270678972587385	1.58939881068472	0
0.218227156703569	-1.62614449198158	-1.22609712119688	-0.0278447329523133	1.58881080821769	0
0.216900820081809	-1.62773916500946	-1.22108136382161	-0.0286116486997241	1.58821326478409	0
0.215446511856382	-1.62930744553312	-1.21620716403466	-0.0293675207322125	1.58760166496281	0
0.213873492596808	-1.63084684205430	-1.21147266300879	-0.0301114763606792	1.58697774839038	0
0.212226964456011	-1.63234596532454	-1.20684544886911	-0.0308436607425159	1.58634853755703	0
0.210489379584644	-1.63380609085651	-1.20234946234973	-0.0315616997365638	1.58571214220399	0
0.208630122874700	-1.63523428890013	-1.19801083291760	-0.0322640958259118	1.58506412535738	0
0.206658195132066	-1.63662818827178	-1.19382765223322	-0.0329499902117519	1.58440616042209	0
0.204618163787694	-1.63797656061200	-1.18976655974073	-0.0336197642816694	1.58374508394269	0
0.202492885686714	-1.63928042575522	-1.18585250028100	-0.0342707712113897	1.58307913709901	0
0.200251571740313	-1.64054652508145	-1.18211351709529	-0.0349011478429636	1.58240396148218	0
0.197902981709522	-1.64177254743090	-1.17854775846177	-0.0355100472695654	1.58172117329011	0
0.195491085401079	-1.64294724593443	-1.17512110400486	-0.0360980433639259	1.58103744844615	0
0.192999116196183	-1.64407143213568	-1.17185951901542	-0.0366622502594373	1.58035114669184	0
0.190396131076815	-1.64515157198256	-1.16879305363082	-0.0372004658537116	1.57965798757888	0
0.187690677514565	-1.64618537801104	-1.16591998112081	-0.0377118693932450	1.57895953671550	0
0.184926136929240	-1.64716142085420	-1.16320556929154	-0.0381971927169445	1.57826232573044	0
0.182086125770428	-1.64808035791171	-1.16067682719803	-0.0386533600534658	1.57756482507742	0
0.179139583865823	-1.64894846867010	-1.15836585998821	-0.0390778865685947	1.57686282894225	0
0.176094884779649	-1.64976347960247	-1.15627109097155	-0.0394700133429654	1.57615785602573	0
0.172994782446106	-1.65051360876707	-1.15435732621190	-0.0398305995308536	1.57545630058396	0
0.169823337463330	-1.65119944071795	-1.15265260321341	-0.0401564568419710	1.57475674111828	0
0.166549427869547	-1.65182721256664	-1.15119105991893	-0.0404449152546904	1.57405503861185	0
0.163181300991334	-1.65239468384584	-1.14997124722622	-0.0406953391216947	1.57335266546401	0
0.159760970130311	-1.65288951504263	-1.14895772398661	-0.0409086781360331	1.57265587623628	0
0.156273079376501	-1.65331235217291	-1.14817944289344	-0.0410817523418998	1.57196336022698	0
0.152686521558831	-1.65366961074991	-1.14767245858741	-0.0412118562364765	1.57127103169595	0
0.149009474196686	-1.65395913289534	-1.14743537891762	-0.0412985667506035	1.57058031469314	0
0.145282986924901	-1.65416774256447	-1.14743288766173	-0.0413428646204729	1.56989731300103	0
0.141492535026715	-1.65429636654010	-1.14769456491798	-0.0413417590936069	1.56922083564074	0
0.137607127190621	-1.65435191818247	-1.14825815709460	-0.0412927180778613	1.56854683094271	0
0.133634934997791	-1.65433240203589	-1.14912221711750	-0.0411956463114818	1.56787667108184	0
0.129615655860849	-1.65422339791222	-1.15025222943415	-0.0410514473260490	1.56721628944336	0
0.125535993118526	-1.65402645638141	-1.15167784067229	-0.0408575766867518	1.56656463189615	0
0.121365200460559	-1.65374942690397	-1.15343816088302	-0.0406119435600278	1.56591765780447	0
0.117111511446262	-1.65339058368140	-1.15553155756882	-0.0403149137631834	1.56527668455034	0
0.112812620719226	-1.65293364403183	-1.15792554203370	-0.0399671163185760	1.56464744567671	0
0.108457065110456	-1.65238129569814	-1.16064886478368	-0.0395668010395469	1.56402905358209	0
0.104014503043815	-1.65174289704720	-1.16374161730035	-0.0391126343272778	1.56341745629040	0
0.0994932933940820	-1.65101711914565	-1.16720188871349	-0.0386055792092524	1.56281391716585	0
0.0949280253324566	-1.65018484883862	-1.17100146136337	-0.0380456383175529	1.56222392473314	0
0.0903099755241200	-1.64925065235753	-1.17516665324588	-0.0374323078915838	1.56164680852537	0
0.0856093923078935	-1.64822611192537	-1.17973825025616	-0.0367653512061399	1.56107849171352	0
0.0808347947042033	-1.64711042616335	-1.18471414978158	-0.0360464439120076	1.56052019243672	0
0.0760156690113148	-1.64588005174129	-1.19007471347358	-0.0352743315908163	1.55997707388104	0
0.0711473854839942	-1.64454247437274	-1.19584150139440	-0.0344503291795668	1.55944876969323	0
0.0662009451132200	-1.64311233963790	-1.20205625181027	-0.0335756135564647	1.55893118796709	0
0.0611849538688534	-1.64158946119847	-1.20871736778059	-0.0326526292108991	1.55842552589109	0
0.0561196090986948	-1.63994289280672	-1.21582314274709	-0.0316776400646283	1.55793644036068	0
0.0510063423174712	-1.63818442919791	-1.22338724566590	-0.0306544832591639	1.55746401994651	0
0.0458167172350696	-1.63633256643738	-1.23145495274964	-0.0295859097658102	1.55700421892967	0
0.0423108973966013	-1.63504499613115	-1.23712279224014	-0.0288488659720321	1.55670439801980	0
0.0387978506293988	-1.63368945500121	-1.24300629112365	-0.0280893672606271	1.55641551973398	0
0.0352319833537100	-1.63230385584597	-1.24915031009975	-0.0273125278784047	1.55612977981138	0
0.0316542207377650	-1.63084646368699	-1.25553071502639	-0.0265130001315593	1.55585509521047	0
0.0280205608286666	-1.62935862731109	-1.26219314390102	-0.0256968023320276	1.55558382432626	0
0.0243655971567655	-1.62779275246651	-1.26912437585768	-0.0248567361886765	1.55532350403874	0
0.0206482722240304	-1.62619431582265	-1.27637207249096	-0.0239998595976047	1.55506691711433	0
0.0168904469093833	-1.62450684727999	-1.28394398425295	-0.0231159860494773	1.55482066411938	0
0.0130588343389374	-1.62278057279215	-1.29189287834360	-0.0222133114617800	1.55457890573036	0
0.00919950069572347	-1.62097678805792	-1.30013350131347	-0.0212919891372136	1.55434751815190	0
0.00533704414503795	-1.61913859080293	-1.30872755828711	-0.0203583078588910	1.55413160026172	0
0.00152030087729923	-1.61729541805099	-1.31734029647761	-0.0194411970711482	1.55392347394824	0
-0.00214447640500329	-1.61547072123767	-1.32602898881320	-0.0185418330243419	1.55374338400935	0
-0.00559329951142407	-1.61373690501379	-1.33430785693922	-0.0177032863666546	1.55357803373804	0
-0.00877301220845457	-1.61211871740270	-1.34218963846809	-0.0169270704733230	1.55343643072080	0
-0.0119313444258480	-1.61048876517340	-1.35014381825910	-0.0161596993223450	1.55330135290325	0
-0.0150085433547820	-1.60887250629132	-1.35820660556197	-0.0154045213194443	1.55318376954283	0
-0.0194642793255024	-1.60650119159334	-1.37009644187665	-0.0143216507870199	1.55302266566533	0
-0.0237035610098475	-1.60420035605565	-1.38191475620795	-0.0132893453185389	1.55289159691889	0
-0.0277621295873655	-1.60195854907884	-1.39370411655134	-0.0123023695068472	1.55278674707644	0
-0.0316608723669547	-1.59977742568250	-1.40531470057086	-0.0113668158887437	1.55269805502469	0
-0.0354164360133659	-1.59764724051137	-1.41686398342622	-0.0104741989417812	1.55262823961943	0
-0.0389936732371355	-1.59558652823208	-1.42834855541199	-0.00962729482644431	1.55258260695100	0
-0.0424016830781012	-1.59359576775120	-1.43973991393275	-0.00882630761101449	1.55255842063766	0
-0.0456809977448497	-1.59166108290060	-1.45097381263933	-0.00806969114868452	1.55254657764522	0
-0.0488226881241642	-1.58978594007089	-1.46209104769095	-0.00735533492323648	1.55255034287606	0
-0.0517924380819985	-1.58798899355393	-1.47307891078896	-0.00668594326312468	1.55257445316804	0
-0.0545989168069896	-1.58627000658297	-1.48390815148475	-0.00606100464499261	1.55261625478108	0
-0.0572845741735438	-1.58461093506025	-1.49453190001744	-0.00547692632497691	1.55266724729529	0
-0.0598324611235990	-1.58300743532596	-1.50501636727758	-0.00492982453759097	1.55273343423446	0
-0.0621189085002825	-1.58156526933277	-1.51481590664458	-0.00444940147149504	1.55280898934299	0
-0.0641040510728415	-1.58028756402573	-1.52370477984812	-0.00403614452586470	1.55289133770135	0
-0.0660861464420307	-1.57899535808453	-1.53285257406199	-0.00363169956249579	1.55298541342397	0
-0.0679367650028358	-1.57776956639666	-1.54170700216828	-0.00326081658269666	1.55308696920927	0
-0.0696413706281832	-1.57662592868458	-1.55025326297217	-0.00292486953087396	1.55319729058658	0
-0.0712165995592862	-1.57555282731893	-1.55853551196210	-0.00261946289096370	1.55331586876583	0
-0.0726977431943634	-1.57452143484814	-1.56657930910334	-0.00233765894731426	1.55343890732047	0
-0.0740756938597680	-1.57354112422777	-1.57437711973574	-0.00208005605914336	1.55356730642956	0
-0.0753259186598100	-1.57263202781694	-1.58186443442980	-0.00184961730401896	1.55370179431201	0
-0.0764582081756091	-1.57178707074459	-1.58904280076426	-0.00164359519228634	1.55384105699058	0
-0.0775134019109932	-1.57097568702966	-1.59597726146990	-0.00145475236967012	1.55398205030410	0
-0.0784774269560622	-1.57020974783746	-1.60262641315010	-0.00128442300447337	1.55412499617900	0
-0.0793273128770431	-1.56950766144233	-1.60892634251644	-0.00113499856841341	1.55427043115559	0
-0.0800733456418313	-1.56886291703310	-1.61487908540329	-0.00100398954583537	1.55441694003786	0
-0.0807562009165317	-1.56824696008432	-1.62055037136561	-0.000884977830763916	1.55456144596708	0
-0.0813623950755496	-1.56767135773897	-1.62589264370879	-0.000779155244666250	1.55470381013865	0
-0.0818707856924728	-1.56715347602895	-1.63084152787265	-0.000688590260867954	1.55484426210938	0
-0.0822925443055717	-1.56668774086005	-1.63539930430445	-0.000611168581775040	1.55498119670036	0
-0.0826680474488137	-1.56624781899262	-1.63963297432997	-0.000541310874160594	1.55511154708733	0
-0.0829854937281376	-1.56584498491261	-1.64349355340131	-0.000480147347804829	1.55523482549862	0
-0.0832261446257639	-1.56549628397544	-1.64691746861580	-0.000429710840944911	1.55535088303514	0
-0.0834021759198199	-1.56519757740566	-1.64990856724532	-0.000388443164228377	1.55545794362427	0
-0.0835529040154359	-1.56492487823632	-1.65253484888927	-0.000351639384690194	1.55555306868176	0
-0.0836687061336288	-1.56468952783715	-1.65474965768871	-0.000320591374213263	1.55563548375621	0
-0.0837337589403273	-1.56450923056008	-1.65649155125629	-0.000297659942917090	1.55570459573632	0
-0.0837610004327467	-1.56438171225224	-1.65776742787459	-0.000282028998484914	1.55575854999226	0
-0.0837872908878606	-1.56428469915732	-1.65864811672136	-0.000269776074522007	1.55579488395941	0
-0.0838051882493919	-1.56423006768175	-1.65909223221499	-0.000262614165881849	1.55581264797453	0
-0.0838023726697891	-1.56423724589933	-1.65904231169958	-0.000263607250737535	1.55581074610593	0
-0.0837920355407369	-1.56430576397081	-1.65851043742939	-0.000272760114665546	1.55578743225025	0
-0.0838057429352370	-1.56441303777577	-1.65757530543720	-0.000286574566366319	1.55574150848444	0
-0.0838375664913684	-1.56457182209016	-1.65620231318754	-0.000307365079364016	1.55567202312468	0
-0.0838796686364030	-1.56480402670073	-1.65434048996207	-0.000339160472409128	1.55557729269636	0
-0.0839498989600440	-1.56511167723092	-1.65200851330830	-0.000382916428148841	1.55545495860161	0
-0.0840659504889960	-1.56546554079168	-1.64931501296709	-0.000434387127420069	1.55530775272224	0
-0.0841990808795900	-1.56586540296449	-1.64629071116828	-0.000494167080167711	1.55514193589624	0
-0.0843831259959503	-1.56634554058077	-1.64288429605870	-0.000568866611626372	1.55494813792424	0
-0.0846184257043232	-1.56690330548748	-1.63911352386885	-0.000658769101907264	1.55472718518453	0
-0.0848831247433177	-1.56749842512627	-1.63509038900486	-0.000757499177972792	1.55448921627266	0
-0.0851929949224332	-1.56815462963376	-1.63075643742496	-0.000869845657260481	1.55422812351080	0
-0.0855680810637384	-1.56890152892641	-1.62606513224536	-0.00100193916611192	1.55393733155370	0
-0.0860069926464004	-1.56973529200158	-1.62104005772092	-0.00115401251677313	1.55361827130421	0
-0.0864873128070357	-1.57061783199803	-1.61577642679064	-0.00131989499886119	1.55328038238114	0
-0.0870236796064514	-1.57157065225845	-1.61023105142111	-0.00150430449708670	1.55291850485198	0
-0.0876352570553467	-1.57262365143796	-1.60435811820744	-0.00171376485565736	1.55252626358883	0
-0.0883197706876670	-1.57377273421153	-1.59818017215599	-0.00194854021576958	1.55210522246802	0
-0.0890538225921334	-1.57497838941572	-1.59179074950206	-0.00220192382927284	1.55166496587868	0
-0.0898512564082010	-1.57626170966131	-1.58515167352082	-0.00247881545979183	1.55120072124982	0
-0.0907301979724758	-1.57765243012154	-1.57821902501780	-0.00278602801594716	1.55070641109020	0
-0.0916873501459426	-1.57914539976403	-1.57101586277562	-0.00312362914706683	1.55018384937511	0
-0.0926986290171081	-1.58069961515612	-1.56363350606353	-0.00348423658123977	1.54964268441894	0
-0.0941649423191068	-1.58292265336365	-1.55341639875277	-0.00401367521823696	1.54888033714196	0
-0.0957590268616247	-1.58530640181539	-1.54281887271006	-0.00459837622945149	1.54807515621058	0
-0.0974813190198051	-1.58785158174357	-1.53186204763024	-0.00524068835252978	1.54722810143729	0
-0.0993318013062510	-1.59055835778135	-1.52056675351854	-0.00594281779828255	1.54634022548254	0
-0.101310075404204	-1.59342639752525	-1.50895333145236	-0.00670683348582515	1.54541264974559	0
-0.103415445833623	-1.59645495090985	-1.49704140874382	-0.00753467990072826	1.54444653678443	0
-0.105647018757289	-1.59964295505869	-1.48484962841119	-0.00842819992712494	1.54344305754051	0
-0.108003824013156	-1.60298917500678	-1.47239529972222	-0.00938917173446062	1.54240335035015	0
-0.110484974757946	-1.60649239903051	-1.45969391335258	-0.0104193668960209	1.54132846644800	0
-0.113089891978778	-1.61015172455206	-1.44675841562573	-0.0115206432315866	1.54021929193647	0
-0.115818649705693	-1.61396700890332	-1.43359802596012	-0.0126950998100711	1.53907642562386	0
-0.118672568900143	-1.61793965592487	-1.42021610071609	-0.0139453564279786	1.53789996532073	0
-0.121655405323853	-1.62207419940598	-1.40660569821019	-0.0152751235035667	1.53668907426887	0
-0.123975314710420	-1.62527384417425	-1.39624745737658	-0.0163248417881601	1.53575905031891	0
-0.126391269421497	-1.62860261430021	-1.38568504594294	-0.0174327696748697	1.53480147688002	0
-0.128908556276297	-1.63205914217763	-1.37492716183346	-0.0186000404057394	1.53381602939372	0
-0.131853658645402	-1.63608382239597	-1.36256501965886	-0.0199845151614521	1.53267526300100	0
-0.134996771903948	-1.64036853152307	-1.34959696690314	-0.0214874016012935	1.53147009897485	0
-0.138370387911209	-1.64495298099308	-1.33602892451462	-0.0231222403810272	1.53019430670377	0
-0.141981206252416	-1.64983490143735	-1.32190926581538	-0.0248923789170616	1.52884934100609	0
-0.145782145306114	-1.65495322294296	-1.30728030934508	-0.0267898354107150	1.52744767580179	0
-0.149735806276761	-1.66025215776029	-1.29238234101201	-0.0287941027930187	1.52600755280127	0
-0.153859722373723	-1.66575002982287	-1.27728178579482	-0.0309082798639835	1.52452835062197	0
-0.158134833608400	-1.67141788559175	-1.26204677872835	-0.0331252576082498	1.52301737812877	0
-0.161048894888487	-1.67526355633703	-1.25172863740277	-0.0346629425486416	1.52199361822654	0
-0.164036668035503	-1.67918865978010	-1.24149798397513	-0.0362381201888583	1.52096043884232	0
-0.167063276804349	-1.68314830974687	-1.23112172752948	-0.0378605023440139	1.51991646744156	0
-0.170159482268944	-1.68717940763718	-1.22085819130304	-0.0395174323852037	1.51886519340982	0
-0.173292290044571	-1.69123838620221	-1.21046598205545	-0.0412205221900438	1.51780458697028	0
-0.176490042338100	-1.69535995297880	-1.20021274268499	-0.0429544633687835	1.51673892624119	0
-0.179723535695936	-1.69950399041926	-1.18984360068016	-0.0447337660968140	1.51566494379457	0
-0.183016845121084	-1.70370096117289	-1.17964073398432	-0.0465394529734913	1.51458827225811	0
-0.186347259231637	-1.70791720779066	-1.16932881943647	-0.0483903792356005	1.51350360710534	0
-0.189731956947961	-1.71217601618703	-1.15921180732015	-0.0502624235838300	1.51241872859759	0
-0.193156650737665	-1.71645204425837	-1.14898955160668	-0.0521798562667967	1.51132577271678	0
-0.196629685184653	-1.72075953166320	-1.13899245241659	-0.0541122704582446	1.51023519964712	0
-0.200147527352668	-1.72508359570569	-1.12889053543206	-0.0560906316591005	1.50913597475374	0
-0.203707316674164	-1.72942722520265	-1.11904613314096	-0.0580768635179942	1.50804187252532	0
-0.207318869894501	-1.73378817430010	-1.10909429461556	-0.0601100225402406	1.50693803907201	0
-0.210965424479264	-1.73815586706667	-1.09943509092215	-0.0621428139820315	1.50584225337979	0
-0.214673684696066	-1.74254360074476	-1.08966180493474	-0.0642242237534600	1.50473496951481	0
-0.218409269087427	-1.74692409258507	-1.08022003570564	-0.0662956753240286	1.50363891293972	0
-0.222108058529926	-1.75120063819476	-1.07093163415347	-0.0683559324119337	1.50256126548578	0
-0.225824436872612	-1.75545594909502	-1.06199548085064	-0.0703965023201594	1.50149745917925	0
-0.229433548495350	-1.75952334790196	-1.05339123866743	-0.0723810856904471	1.50047237214417	0
-0.233050118807158	-1.76355743804959	-1.04514462000532	-0.0743372939589009	1.49946301649654	0
-0.236526540003705	-1.76736771165435	-1.03730138332708	-0.0762145481012587	1.49850089836519	0
-0.240000818672491	-1.77113492183821	-1.02981159021173	-0.0780562476613632	1.49755581889173	0
-0.243317825827792	-1.77466324892381	-1.02275163137525	-0.0798060100272539	1.49666155956161	0
-0.246623671937046	-1.77814096133580	-1.01603423893985	-0.0815146918320105	1.49578521004239	0
-0.249768042315073	-1.78138068530081	-1.00974079099462	-0.0831266888511294	1.49495950878802	0
-0.252892004154515	-1.78456353189191	-1.00377583334877	-0.0846933730916517	1.49415247091860	0
-0.255854369962127	-1.78751369755043	-0.998221520887993	-0.0861613185954177	1.49339487938237	0
-0.258776071128448	-1.79039477701522	-0.992987830129296	-0.0875780830918196	1.49265886694974	0
-0.262633708090580	-1.79410525018137	-0.986291722571329	-0.0894116412521265	1.49170018642293	0
-0.266026782992835	-1.79728293854271	-0.980692370879703	-0.0909752878734611	1.49087215165875	0
-0.269138068743576	-1.80013396268861	-0.975802038248141	-0.0923681766507625	1.49012520422476	0
-0.272137171717936	-1.80282886537314	-0.971300461938391	-0.0936747443716112	1.48941587396447	0
-0.274967995681372	-1.80530331097986	-0.967242634567550	-0.0948697444573588	1.48875655257221	0
-0.277705633152654	-1.80763791132741	-0.963505609203632	-0.0959888632630536	1.48812848780116	0
-0.280343257133107	-1.80983730037105	-0.960096167705883	-0.0970306923465063	1.48753261559217	0
-0.282897669864717	-1.81191661591790	-0.956976815145936	-0.0980033862829440	1.48696437708089	0
-0.285392027163835	-1.81388925659441	-0.954090367278955	-0.0989181407064416	1.48641767662579	0
-0.287838122777209	-1.81576946617401	-0.951427108919335	-0.0997790150954412	1.48588978296024	0
-0.291007212354482	-1.81812810089016	-0.948248945939567	-0.100836620873533	1.48521864304880	0
-0.294092355481359	-1.82033201986602	-0.945451054188640	-0.101800563419808	1.48457930936000	0
-0.297099801242476	-1.82238803284198	-0.943018527063138	-0.102673610040020	1.48396986403778	0
-0.300033622963192	-1.82430086735220	-0.940940350302063	-0.103457625120386	1.48338893861930	0
-0.302896509116965	-1.82607393953485	-0.939208003219676	-0.104153948081515	1.48283551590746	0
-0.305690193844195	-1.82770978329028	-0.937814647371223	-0.104763607407140	1.48230881998497	0
-0.308415756435673	-1.82921033741847	-0.936754606511492	-0.105287460259524	1.48180824185430	0
-0.311073810007873	-1.83057712300904	-0.936023044633308	-0.105726277697891	1.48133329293171	0
-0.313664623424301	-1.83181135626602	-0.935615762855272	-0.106080797453719	1.48088357524301	0
-0.316188200197400	-1.83291401990265	-0.935529070862924	-0.106351756072488	1.48045876228317	0
-0.318644328468960	-1.83388590813172	-0.935759704547197	-0.106539908115295	1.48005858685251	0
-0.321032612717270	-1.83472765513948	-0.936304772477034	-0.106646037324822	1.47968283328372	0
-0.323352493178478	-1.83543975300467	-0.937161720289523	-0.106670962801893	1.47933133255583	0
-0.325603257297868	-1.83602256298426	-0.938328306334503	-0.106615542126316	1.47900395926843	0
-0.327784045829572	-1.83647632258228	-0.939802584396994	-0.106480672629019	1.47870062984895	0
-0.329893855340495	-1.83680114994660	-0.941582890952376	-0.106267291568249	1.47842130158507	0
-0.331931538227857	-1.83699704655600	-0.943667835382762	-0.105976375675808	1.47816597222699	0
-0.333895800962155	-1.83706389880034	-0.946056292198319	-0.105608940359099	1.47793467999875	0
-0.335785201002242	-1.83700147882632	-0.948747394685797	-0.105166038731525	1.47772750391911	0
-0.337598142654380	-1.83680944487564	-0.951740529638791	-0.104648760573578	1.47754456437251	0
-0.339332872031752	-1.83648734125049	-0.955035332969009	-0.104058231283044	1.47738602389624	0
-0.340987471193286	-1.83603459798258	-0.958631686086939	-0.103395610845862	1.47725208816718	0
-0.342559851487384	-1.83545053024411	-0.962529712998026	-0.102662092842258	1.47714300718292	0
-0.344047746087102	-1.83473433751461	-0.966729778095382	-0.101858903492886	1.47705907664059	0
-0.345448701675367	-1.83388510250091	-0.971232484656916	-0.100987300743108	1.47700063952256	0
-0.346760069215072	-1.83290178979507	-0.976038674074532	-0.100048573379428	1.47696808790356	0
-0.347978993717857	-1.83178324424571	-0.981149425858251	-0.0990440401696077	1.47696186499793	0
-0.349102402905829	-1.83052818900936	-0.986566058476309	-0.0979750490155911	1.47698246747068	0
-0.350126994639533	-1.82913522323955	-0.992290131110216	-0.0968429761064236	1.47703044804019	0
-0.351049222962585	-1.82760281936148	-0.998323446425030	-0.0956492250562731	1.47710641840611	0
-0.351668123531326	-1.82635919255197	-1.00305820635751	-0.0947131058607618	1.47718288194973	0
-0.352215630771564	-1.82503176061267	-1.00798317218956	-0.0937409978296962	1.47727779379131	0
-0.352719517609344	-1.82362861544145	-1.01306778841432	-0.0927398040642555	1.47738585183646	0
-0.353164388529696	-1.82214378167229	-1.01832849094674	-0.0917068678783873	1.47751003853989	0
-0.353527389621840	-1.82056713386028	-1.02379984674742	-0.0906364260238455	1.47765509998208	0
-0.353810307264024	-1.81890016905952	-1.02947599607803	-0.0895307903825690	1.47782057573122	0
-0.354041273169105	-1.81714881475953	-1.03533079883982	-0.0883957569484245	1.47800132005403	0
-0.354203546121663	-1.81530885439789	-1.04137490384011	-0.0872301095505612	1.47820032357565	0
-0.354272050818425	-1.81337002007062	-1.04764358825114	-0.0860284284353891	1.47842271690942	0
-0.354247971696483	-1.81133358573336	-1.05413117397125	-0.0847930910015387	1.47866817170793	0
-0.354159898832771	-1.80920260809833	-1.06081755273955	-0.0835285053946388	1.47893175157805	0
-0.353990039183818	-1.80697474254457	-1.06770811971035	-0.0822347823907754	1.47921643462086	0
-0.353710596404121	-1.80463960480979	-1.07483914205583	-0.0809068727702068	1.47952783536089	0
-0.353322071610319	-1.80219819659853	-1.08220529268408	-0.0795472058691171	1.47986578643188	0
-0.352853237464815	-1.79964969749102	-1.08979446312266	-0.0781584944443218	1.48022569394962	0
-0.352285312536645	-1.79699414438858	-1.09760586474699	-0.0767423253600960	1.48061048792339	0
-0.351587005713158	-1.79422108831567	-1.10567693709175	-0.0752940815892454	1.48102641150920	0
-0.350757859204946	-1.79133119216848	-1.11400282461345	-0.0738162488357967	1.48147352160824	0
-0.349826144406693	-1.78831813972312	-1.12258267715071	-0.0723093706556063	1.48194782604243	0
-0.348772161770669	-1.78518526196953	-1.13140748209254	-0.0707768330462331	1.48245213194547	0
-0.347559963424380	-1.78192212018925	-1.14051605821763	-0.0692145356959677	1.48299352691855	0
-0.346187617113229	-1.77852893261197	-1.14990420597093	-0.0676250311286641	1.48357240510126	0
-0.344684226280231	-1.77499739329854	-1.15957094344134	-0.0660087517132119	1.48418477125490	0
-0.343038878444150	-1.77135557624010	-1.16944234374714	-0.0643800221789351	1.48482956923345	0
-0.341216370374146	-1.76760195412338	-1.17953698139326	-0.0627384033073667	1.48551302479998	0
-0.339221718861035	-1.76374549007005	-1.18982821297788	-0.0610895190736985	1.48623360967904	0
-0.337099941797676	-1.75980108352188	-1.20025182377172	-0.0594428404832783	1.48698235368904	0
-0.334830317042169	-1.75577227821522	-1.21080649909148	-0.0577999333799421	1.48776253612899	0
-0.332378389417290	-1.75165901818079	-1.22151041163903	-0.0561601868919688	1.48858027534148	0
-0.329751179434977	-1.74746907267845	-1.23234137710496	-0.0545276437674118	1.48943390179845	0
-0.326996035085336	-1.74321472804804	-1.24324225427145	-0.0529093783403670	1.49031430062502	0
-0.324089264087441	-1.73889481554349	-1.25422631874646	-0.0513044319211867	1.49122581465371	0
-0.320997032421657	-1.73451153611511	-1.26530800298493	-0.0497125992090410	1.49217434692005	0
-0.317727238886280	-1.73007191150072	-1.27646770839609	-0.0481368615580607	1.49315817973047	0
-0.314328055082985	-1.72558447042203	-1.28765771356993	-0.0465819208168966	1.49416837963308	0
-0.310775302719483	-1.72104867492455	-1.29889096934045	-0.0450467418995499	1.49520937585597	0
-0.307036112409232	-1.71646975886434	-1.31017562933741	-0.0435318184094771	1.49628668626612	0
-0.303119349388073	-1.71185450524119	-1.32149306018999	-0.0420394021404346	1.49739844867400	0
-0.299072818746849	-1.70720614180898	-1.33280904896726	-0.0405716323272970	1.49853626610812	0
-0.294873694776396	-1.70252711602164	-1.34413018438429	-0.0391282237355124	1.49970409688429	0
-0.290490455202631	-1.69782640943033	-1.35545569419773	-0.0377105381461067	1.50090687805601	0
-0.285933157760570	-1.69311131925608	-1.36676454452777	-0.0363204543796802	1.50214240739289	0
-0.281248225952481	-1.68837900525092	-1.37803706141045	-0.0349576903629068	1.50340304307896	0
-0.276419291030442	-1.68362953806327	-1.38930854566870	-0.0336202675892671	1.50469278282379	0
-0.271566625316920	-1.67904438224833	-1.40011634384049	-0.0323584145928358	1.50597139546135	0
-0.266885445496980	-1.67474222574171	-1.41023578744425	-0.0311983151972725	1.50719599032017	0
-0.261845570625167	-1.67021390647610	-1.42083642865846	-0.0300026691016975	1.50850682231592	0
-0.256651254564369	-1.66566231407970	-1.43144688459698	-0.0288262961724270	1.50984937024168	0
-0.251271878972245	-1.66111032655592	-1.44201074199197	-0.0276747413834560	1.51122612583170	0
-0.245714065637650	-1.65656198175555	-1.45252133217217	-0.0265482908694970	1.51263592048640	0
-0.240061670493256	-1.65202529303650	-1.46296759958167	-0.0254480906196811	1.51406480630543	0
-0.234312361701674	-1.64752750842230	-1.47328513781583	-0.0243799155333950	1.51551008331423	0
-0.228453354700177	-1.64310060722187	-1.48339853892997	-0.0233500772402651	1.51697009780654	0
-0.222510680430769	-1.63875275437555	-1.49329334768012	-0.0223588446222616	1.51843978695426	0
-0.216544607495245	-1.63446937937544	-1.50301072215231	-0.0214013929800729	1.51991122363581	0
-0.210547301209349	-1.63026852181197	-1.51250845723739	-0.0204804649039944	1.52138340374379	0
-0.204508665505586	-1.62617848786314	-1.52172164173960	-0.0196006836356138	1.52285444362341	0
-0.198452668185495	-1.62220176260467	-1.53064919206064	-0.0187608327698956	1.52432004170472	0
-0.192440054741475	-1.61832237710889	-1.53933281782925	-0.0179560108394147	1.52577203256683	0
-0.186460929350341	-1.61455370066957	-1.54774118486537	-0.0171876326432164	1.52721010644198	0
-0.180516525586891	-1.61092597660969	-1.55580662269568	-0.0164602912312762	1.52863009318815	0
-0.174659595756289	-1.60745204304220	-1.56351741624348	-0.0157747539271745	1.53002190203534	0
-0.169096258194111	-1.60420324043222	-1.57069867189990	-0.0151433425072886	1.53134139074652	0
-0.163748464473554	-1.60114671621185	-1.57742693367802	-0.0145577096197978	1.53260491764997	0
-0.158573890788779	-1.59826984228373	-1.58374718465242	-0.0140137297384720	1.53382111729454	0
-0.153521376305272	-1.59553099439012	-1.58975516756128	-0.0135022565693227	1.53500330142472	0
-0.148608111098320	-1.59290208577826	-1.59549318089738	-0.0130171671316173	1.53615090239304	0
-0.143801435651973	-1.59037619894759	-1.60098602166341	-0.0125563796731353	1.53727030646106	0
-0.139125903979764	-1.58798195193926	-1.60618373453712	-0.0121242978494312	1.53835400784951	0
-0.134584911903564	-1.58571065906794	-1.61110353367650	-0.0117185593388007	1.53940208858827	0
-0.130155304116838	-1.58351818937879	-1.61582679173332	-0.0113306704120161	1.54042307936957	0
-0.125854074833532	-1.58142232541964	-1.62032236661965	-0.0109632768926883	1.54141193762450	0
-0.121710626690458	-1.57945269068938	-1.62453756450592	-0.0106210004594041	1.54236013662927	0
-0.117730462883632	-1.57760269357018	-1.62848539173228	-0.0103020986311715	1.54326720085165	0
-0.113889594846571	-1.57582990982897	-1.63224409834106	-0.00999876797370602	1.54414174628774	0
-0.110215268662602	-1.57415566684042	-1.63577480344211	-0.00971430021735605	1.54497650283626	0
-0.106740722801178	-1.57260989027826	-1.63902404635803	-0.00945337425071286	1.54576218995858	0
-0.103471981954011	-1.57118664652632	-1.64200406534232	-0.00921454232367064	1.54649822284768	0
-0.100382337783601	-1.56984407985511	-1.64479300407568	-0.00899039617680445	1.54719376943556	0
-0.0975028678571855	-1.56860401547498	-1.64735127223556	-0.00878433712024843	1.54784082626641	0
-0.0948688702934197	-1.56749624574383	-1.64962609552690	-0.00860105392523721	1.54842976716799	0
-0.0924852028006512	-1.56651505026539	-1.65163041399781	-0.00843930401897114	1.54896028375689	0
-0.0903226974713993	-1.56561935366312	-1.65344213167447	-0.00829205375193538	1.54944204011789	0
-0.0884128435239137	-1.56483046194590	-1.65502354606426	-0.00816267111701458	1.54986706536123	0
-0.0867915859116225	-1.56417815501907	-1.65632297825698	-0.00805591289702356	1.55022568700559	0
-0.0854614073695024	-1.56365698070382	-1.65735443228455	-0.00797074387636802	1.55051812168424	0
-0.0843907179430827	-1.56322669037762	-1.65819546387921	-0.00790045873752670	1.55075451986423	0
-0.0836087963165653	-1.56290770867560	-1.65881142654635	-0.00784836064579346	1.55092750079997	0
-0.0831505140432391	-1.56273010644382	-1.65915192133318	-0.00781935768356409	1.55102768647373	0
-0.0830146578543248	-1.56268871661770	-1.65923221523548	-0.00781261077317855	1.55105608023437	0
-0.0831666384621125	-1.56274358307821	-1.65912996232086	-0.00782159461572609	1.55102345611384	0
-0.0836312077747097	-1.56291418745527	-1.65881401923173	-0.00784955399945969	1.55092348528129	0
-0.0844401741212689	-1.56323123686451	-1.65823534330601	-0.00790162731443153	1.55074746192055	0
-0.0855874147575903	-1.56368962384385	-1.65741061359207	-0.00797710719558291	1.55049741740918	0
-0.0870344232987128	-1.56424859364479	-1.65641834978818	-0.00806939782309457	1.55018496880856	0
-0.0888002393123900	-1.56492703916460	-1.65523037244737	-0.00818174337175278	1.54980503470133	0
-0.0909120673213601	-1.56575658957572	-1.65379885862039	-0.00831956624694072	1.54934986183109	0
-0.0933584630047529	-1.56673176547983	-1.65214181935561	-0.00848217743703906	1.54882259248877	0
-0.0960971044592754	-1.56781004785586	-1.65033868818982	-0.00866267121288634	1.54823567479886	0
-0.0991417152240891	-1.56901037327174	-1.64836300705517	-0.00886438134971802	1.54758513618445	0
-0.102514580160792	-1.57036544766858	-1.64616786729045	-0.00909303325512974	1.54686422317583	0
-0.106199945139474	-1.57186913141674	-1.64377202287637	-0.00934785972984634	1.54607697732330	0
-0.110154451979707	-1.57347720729715	-1.64125412794997	-0.00962158108510419	1.54523607410852	0
-0.114387576714013	-1.57520905354908	-1.63858856961716	-0.00991767029778602	1.54433840330486	0
-0.118917740709811	-1.57709864533381	-1.63572901474285	-0.0102421795795772	1.54337800389537	0
-0.123727034660923	-1.57913928750695	-1.63269406636216	-0.0105942412288855	1.54235936859457	0
-0.128777519270725	-1.58128687829793	-1.62955755099860	-0.0109664591167005	1.54129401112318	0
-0.134075204884135	-1.58356125377272	-1.62629466330399	-0.0113624405371830	1.54017953419401	0
-0.139637915115566	-1.58599878247103	-1.62285889120261	-0.0117887629616047	1.53901013816933	0
-0.145449717234967	-1.58859356075879	-1.61926741709104	-0.0122446760785591	1.53778993720111	0
-0.151500485667915	-1.59131122531409	-1.61557439203993	-0.0127243493541268	1.53652455642057	0
-0.157813175606234	-1.59418201298009	-1.61173948013709	-0.0132333110055788	1.53520792368639	0
-0.164478091173188	-1.59727987431235	-1.60767412591021	-0.0137850146202066	1.53381937467534	0
-0.171564629867508	-1.60063745315498	-1.60341388869898	-0.0143857609690112	1.53234838242123	0
-0.179041331542672	-1.60422314992712	-1.59887601790974	-0.0150302080063295	1.53079922569536	0
-0.186850525410195	-1.60802529364282	-1.59416205974967	-0.0157167260839861	1.52918681380082	0
-0.195004557276862	-1.61209093248602	-1.58925725699448	-0.0164541677643159	1.52750787100826	0
-0.203477713698781	-1.61641572312288	-1.58417072424660	-0.0172421328861373	1.52576825579591	0
-0.212239049973425	-1.62094551468158	-1.57892253075436	-0.0180711865824729	1.52397678412829	0
-0.221176310186974	-1.62564911592038	-1.57358223633994	-0.0189358088169107	1.52215642206207	0
-0.230277314325299	-1.63056354912209	-1.56815837986318	-0.0198428418858321	1.52030895055688	0
-0.239495665252032	-1.63566397925802	-1.56267982282414	-0.0207878467387825	1.51844452596206	0
-0.245717563857283	-1.63911653089244	-1.55899448360024	-0.0214298000106681	1.51719226813196	0
-0.251943046234493	-1.64268407304388	-1.55531412301325	-0.0220943641358251	1.51594071808047	0
-0.258256069474111	-1.64628440144076	-1.55159624875685	-0.0227669766182820	1.51467772040274	0
-0.264539822606086	-1.64998599590612	-1.54790527216574	-0.0234595849090888	1.51342220710990	0
-0.271037767216543	-1.65379493565813	-1.54410535989915	-0.0241742625388656	1.51213053311984	0
-0.277410033301986	-1.65765576095936	-1.54039876565744	-0.0248995292949604	1.51086592986417	0
-0.285968987911918	-1.66285599980035	-1.53544595764970	-0.0258790280039706	1.50917633976447	0
-0.294236087772337	-1.66796513266848	-1.53070021130891	-0.0268434782828639	1.50755236047602	0
-0.302139705388448	-1.67295908113964	-1.52620825932611	-0.0277876355983893	1.50600666055935	0
-0.309667308747726	-1.67780430164040	-1.52197762112290	-0.0287048788834066	1.50454140746109	0
-0.316897218023223	-1.68250271964026	-1.51795915699391	-0.0295956285801051	1.50314168746668	0
-0.323885533499525	-1.68710363951709	-1.51412573157254	-0.0304687248554466	1.50179564141069	0
-0.330610690648399	-1.69161313435610	-1.51049664590249	-0.0313247221181291	1.50050638861579	0
-0.337095940638981	-1.69603241055959	-1.50706021637212	-0.0321636651383627	1.49926925813364	0
-0.343381122878497	-1.70034611428587	-1.50378754637630	-0.0329828731305932	1.49807705545474	0
-0.349479902773827	-1.70457660988278	-1.50067788025372	-0.0337861591129514	1.49692653433344	0
-0.355362506898260	-1.70872328141686	-1.49775652773729	-0.0345728516076183	1.49582256896011	0
-0.361042052088533	-1.71278381757825	-1.49501706564432	-0.0353423934773650	1.49476251042732	0
-0.366564407831440	-1.71675220338476	-1.49242586025373	-0.0360939688641519	1.49373807037059	0
-0.371920499965250	-1.72063430975521	-1.48999550660555	-0.0368282943994883	1.49275047765446	0
-0.377079409001215	-1.72442748537723	-1.48775265757024	-0.0375443449378447	1.49180487476562	0
-0.382051987185389	-1.72812974577114	-1.48569135690359	-0.0382416892797556	1.49089906594367	0
-0.386886808069203	-1.73174047201312	-1.48377508545346	-0.0389206192103712	1.49002430707369	0
-0.391566243779058	-1.73525853704732	-1.48202106618301	-0.0395805658185182	1.48918347328575	0
-0.396059363366135	-1.73868037484579	-1.48045620723937	-0.0402203793092700	1.48838172186638	0
-0.400376356477494	-1.74200492499422	-1.47907391317784	-0.0408398771182614	1.48761699527616	0
-0.404567292650671	-1.74523532711014	-1.47783569273297	-0.0414401370424624	1.48688033594978	0
-0.408611045582459	-1.74836716374030	-1.47676009526114	-0.0420200284225404	1.48617526858297	0
-0.412476939593823	-1.75139651118986	-1.47587377186744	-0.0425784015436683	1.48550690042667	0
-0.416174977613577	-1.75432336434353	-1.47516917142652	-0.0431153512268305	1.48487322383312	0
-0.419755785234370	-1.75715336082039	-1.47460669320184	-0.0436324845480709	1.48426525640750	0
-0.423196939084508	-1.75988061788280	-1.47420466299131	-0.0441284713848928	1.48368674512807	0
-0.426467990364424	-1.76250115638852	-1.47398917110310	-0.0446022340560382	1.48314274433937	0
-0.429578849514186	-1.76501595364365	-1.47395171044412	-0.0450541263147788	1.48263128230874	0
-0.432580060106544	-1.76743215253123	-1.47405232489378	-0.0454860724467137	1.48214347890266	0
-0.435448965150993	-1.76974342611652	-1.47430831499085	-0.0458967438723891	1.48168310090441	0
-0.438155235928449	-1.77194592952517	-1.47474497627974	-0.0462851788136929	1.48125516265059	0
-0.440708669406299	-1.77404146609037	-1.47535298789471	-0.0466519475879456	1.48085773576120	0
-0.443159328117823	-1.77603788957892	-1.47609269056307	-0.0469991135203830	1.48048212104255	0
-0.445484851829178	-1.77792903751565	-1.47697995453093	-0.0473254628930309	1.48013200660917	0
-0.447654911775925	-1.77971132577585	-1.47803906967154	-0.0476301746969279	1.47981238182564	0
-0.449679139400727	-1.78138718948951	-1.47926011739633	-0.0479139802759994	1.47952137419756	0
-0.451606900658291	-1.78296456738081	-1.48060430148576	-0.0481789349396677	1.47925050780043	0
-0.453416365526040	-1.78443781258215	-1.48208590314491	-0.0484239963535192	1.47900335033565	0
-0.455077091795140	-1.78580368294669	-1.48372799537238	-0.0486484944768869	1.47878487933580	0
-0.456598490247348	-1.78706503749961	-1.48552031243482	-0.0488532604855998	1.47859329055369	0
-0.458029151796246	-1.78822942754919	-1.48742542537989	-0.0490402256698354	1.47842034749219	0
-0.459347824631271	-1.78929189129197	-1.48945602303301	-0.0492085359937117	1.47826949003927	0
-0.460523853100486	-1.79024957239330	-1.49163372512478	-0.0493576709524886	1.47814569372837	0
-0.461566379380193	-1.79110555045400	-1.49394817195533	-0.0494885011931618	1.47804723283114	0
-0.462523241121899	-1.79186666156463	-1.49636378491146	-0.0496027495615520	1.47796610876807	0
-0.463373692339724	-1.79252866514613	-1.49889173917510	-0.0496997399853557	1.47790564750979	0
-0.464086780344548	-1.79308910273270	-1.50155189689655	-0.0497790910771758	1.47787082786941	0
-0.464671342728258	-1.79355109159148	-1.50433402839676	-0.0498416588779583	1.47786000977967	0
-0.465174557993944	-1.79392056207712	-1.50720495014680	-0.0498889050764422	1.47786542121368	0
-0.465576037418214	-1.79419393503444	-1.51017441820946	-0.0499203037716047	1.47789030055552	0
-0.465844466041523	-1.79436913569049	-1.51326007380773	-0.0499355953820756	1.47793962802257	0
-0.465988355713288	-1.79444916914510	-1.51645196247838	-0.0499355773456898	1.47801185182697	0
-0.466054372171736	-1.79443900023820	-1.51972010646617	-0.0499214290265121	1.47809941507185	0
-0.466022291324290	-1.79433558663203	-1.52307290772036	-0.0498927370696738	1.47820550125384	0
-0.465860390548447	-1.79413720089177	-1.52652490890445	-0.0498493400939410	1.47833507536501	0
-0.465576851330467	-1.79384662568135	-1.53006627127391	-0.0497919441408461	1.47848666532266	0
-0.465218014148568	-1.79346793292432	-1.53367199722830	-0.0497214589699402	1.47865294070500	0
-0.464763610193802	-1.79299846077961	-1.53734951425013	-0.0496375437059523	1.47883707549751	0
-0.464181494984640	-1.79243678456810	-1.54110969247620	-0.0495401067711489	1.47904400773178	0
-0.463479492823847	-1.79178526447024	-1.54493033584878	-0.0494296964675243	1.47927197288291	0
-0.462704141875628	-1.79104770708192	-1.54879630079180	-0.0493070694972243	1.47951391332453	0
-0.461835805986896	-1.79022256256589	-1.55274704202685	-0.0491721599799106	1.47977387832290	0
-0.460841553217060	-1.78930786260028	-1.55674857061747	-0.0490246656361096	1.48005560907301	0
-0.459728080416229	-1.78830496043980	-1.56077862191653	-0.0488648262725507	1.48035752809456	0
-0.458542620404200	-1.78721831133661	-1.56487780092602	-0.0486936764793168	1.48067414909530	0
-0.457263550959775	-1.78604487940587	-1.56902965982610	-0.0485107299445634	1.48100817514693	0
-0.455857940654089	-1.78478263204493	-1.57320499981043	-0.0483155375286906	1.48136351512302	0
-0.454333220180231	-1.78343354967593	-1.57740389909414	-0.0481084751425951	1.48173916258556	0
-0.452735697298795	-1.78200173964104	-1.58165779792594	-0.0478905435008686	1.48212949353057	0
-0.451043775444645	-1.78048406610351	-1.58594963005450	-0.0476611500915740	1.48253721212260	0
-0.449224069597446	-1.77887831533729	-1.59024944426896	-0.0474196846679867	1.48296630025568	0
-0.447283660547516	-1.77718633892493	-1.59455766006038	-0.0471664630099179	1.48341582776057	0
-0.445269383978674	-1.77541266843686	-1.59890570196077	-0.0469026080127021	1.48388007795797	0
-0.443158844903221	-1.77355371082543	-1.60327654608770	-0.0466273594128774	1.48436190475871	0
-0.440918370347714	-1.77160728921403	-1.60763922782281	-0.0463399765527120	1.48486533056979	0
-0.438554936642538	-1.76957530874608	-1.61199426075579	-0.0460407450434405	1.48538945364916	0
-0.436115866690285	-1.76746265454801	-1.61637341994693	-0.0457308990064891	1.48592847532591	0
-0.433577988825888	-1.76526538306573	-1.62075943185894	-0.0454095256537197	1.48648538921433	0
-0.430907419598997	-1.76298158597809	-1.62512018323559	-0.0450757889871747	1.48706424114782	0
-0.428111098647683	-1.76061332730945	-1.62945621218058	-0.0447299629173978	1.48766414192243	0
-0.425236929196275	-1.75816578522417	-1.63379987389591	-0.0443733849052347	1.48827919779311	0
-0.422260975349186	-1.75563483282646	-1.63813335355254	-0.0440050150761949	1.48891253162323	0
-0.419149265354940	-1.75301914277636	-1.64242316416912	-0.0436239718520269	1.48956818306129	0
-0.415908809876519	-1.75032107076828	-1.64666977510143	-0.0432305413049162	1.49024525118828	0
-0.412588076804403	-1.74754588939982	-1.65090653637429	-0.0428261377276541	1.49093775856832	0
-0.409162506780335	-1.74468959571959	-1.65511466034908	-0.0424096417562007	1.49164891908160	0
-0.405598187960143	-1.74175182139351	-1.65925902413945	-0.0419801890276668	1.49238272742089	0
-0.401902321993536	-1.73873534737741	-1.66333996778600	-0.0415381039855518	1.49313824387213	0
-0.398123817338999	-1.73564519153329	-1.66739239083744	-0.0410848314063580	1.49390944289711	0
-0.394237766463776	-1.73247792030806	-1.67139602537766	-0.0406192429506068	1.49469956248419	0
-0.390210493222935	-1.72923455875388	-1.67531382496598	-0.0401405671138725	1.49551250343548	0
-0.386049523640244	-1.72591843646434	-1.67914598432868	-0.0396491949351894	1.49634725706172	0
-0.381803925246324	-1.72253377850505	-1.68292963923837	-0.0391465295841784	1.49719781884446	0
-0.377448885201594	-1.71907831108604	-1.68664249757831	-0.0386315303471285	1.49806734913843	0
-0.372951164179540	-1.71555492774033	-1.69024529015606	-0.0381036063279383	1.49895959555524	0
-0.368318754435567	-1.71196760440832	-1.69373810699435	-0.0375632444319998	1.49987344808630	0
-0.363600375636508	-1.70831900118932	-1.69716111467172	-0.0370117000508424	1.50080303879727	0
-0.358771962966309	-1.70460874290749	-1.70048946495190	-0.0364481464957768	1.50175130619829	0
-0.353800937053868	-1.70084209036378	-1.70368136013111	-0.0358722723983580	1.50272177496305	0
-0.348695899258274	-1.69702372145223	-1.70673688785156	-0.0352846893300106	1.50371320076304	0
-0.343504378230912	-1.69315366026273	-1.70970011063352	-0.0346863512588841	1.50472003525850	0
-0.338203982597749	-1.68923432257615	-1.71254316003240	-0.0340768064311335	1.50574479788823	0
-0.332763031345209	-1.68527384516423	-1.71522138318721	-0.0334561320944458	1.50679071033814	0
-0.327190865251384	-1.68127760486025	-1.71773502263618	-0.0328250903657068	1.50785636298221	0
-0.321532436561782	-1.67724150703207	-1.72013291726335	-0.0321841087956842	1.50893681629968	0
-0.315768317325434	-1.67317181821116	-1.72238384418885	-0.0315333125368886	1.51003390493999	0
-0.309867958898434	-1.66908006611290	-1.72443989005052	-0.0308732858627857	1.51115045832965	0
-0.303841527676648	-1.66497224960567	-1.72630162967971	-0.0302049605208495	1.51228487802189	0
-0.297729005482107	-1.66083800987710	-1.72802348422353	-0.0295278905463052	1.51343331521081	0
-0.291515724432855	-1.65668872980033	-1.72957072980977	-0.0288430313634467	1.51459656160179	0
-0.285172419527401	-1.65253986148933	-1.73089153584551	-0.0281516003997251	1.51577696290508	0
-0.278710025969813	-1.64839786064866	-1.73198688121894	-0.0274547043755224	1.51697273021720	0
-0.272158803076429	-1.64424257464444	-1.73291728672852	-0.0267504163608602	1.51818202569528	0
-0.265511296601821	-1.64009203690526	-1.73364456366822	-0.0260408391522535	1.51940412077658	0
-0.258739171789301	-1.63596615767816	-1.73411147675243	-0.0253279401647904	1.52064083534107	0
-0.251853498411562	-1.63187156184384	-1.73431882752616	-0.0246129719154950	1.52189026791678	0
-0.244862108400679	-1.62777046902300	-1.73433250101864	-0.0238911129898809	1.52315495036186	0
-0.237802511465174	-1.62370938036205	-1.73411201384922	-0.0231695506749814	1.52442579168259	0
-0.230676548130819	-1.61972936996327	-1.73359647273280	-0.0224540855895259	1.52569874064210	0
-0.223526492453483	-1.61584957458020	-1.73279809660712	-0.0217486489291987	1.52696660097170	0
-0.216433405076967	-1.61206506211873	-1.73180574724975	-0.0210548650583844	1.52821949830899	0
-0.209408212539745	-1.60840378878359	-1.73059500224456	-0.0203772489436132	1.52945344235599	0
-0.202547226480299	-1.60494846408067	-1.72913202285629	-0.0197298709204562	1.53064799458683	0
-0.196002943039111	-1.60175321574912	-1.72746792232028	-0.0191239027210449	1.53177744371457	0
-0.189832594110066	-1.59879342024653	-1.72578421849266	-0.0185595419566395	1.53283950260595	0
-0.183776650850039	-1.59595958116213	-1.72395370400194	-0.0180144944069597	1.53387560829470	0
-0.177866694535670	-1.59328955297125	-1.72193405504602	-0.0174947391754416	1.53487714793285	0
-0.172111078960813	-1.59077391856115	-1.71976277926866	-0.0169997314419883	1.53584416791680	0
-0.166453065362008	-1.58834749723029	-1.71751501880869	-0.0165197372156270	1.53679120047695	0
-0.160891285947630	-1.58602423025758	-1.71515477172337	-0.0160565795736742	1.53771633481831	0
-0.155445676868304	-1.58383671492137	-1.71263338014830	-0.0156152512529488	1.53861284366081	0
-0.150112510442212	-1.58177495540080	-1.70997217368778	-0.0151946818468007	1.53948230591690	0
-0.144806071802596	-1.57976447603519	-1.70722652060253	-0.0147829069944653	1.54034399013855	0
-0.139462466820850	-1.57780085975661	-1.70427756452707	-0.0143770448720167	1.54120405069558	0
-0.134201752404678	-1.57595640137267	-1.70121090192591	-0.0139918955100326	1.54204271310084	0
-0.129098477871834	-1.57425010790426	-1.69801251927256	-0.0136308397423758	1.54284584634701	0
-0.124129746626837	-1.57262601193079	-1.69477670948603	-0.0132857258570540	1.54362305380755	0
-0.119388422408046	-1.57112889717138	-1.69153650534669	-0.0129651524247016	1.54435792006834	0
-0.114926137323481	-1.56979707118936	-1.68831404677369	-0.0126763331860092	1.54504075101620	0
-0.110750291581376	-1.56861610918785	-1.68514392189126	-0.0124171945079050	1.54567195127668	0
-0.106835771338378	-1.56753018874284	-1.68206872393702	-0.0121782762077900	1.54625950197019	0
-0.103205305382730	-1.56655719378474	-1.67910348281188	-0.0119628192984908	1.54679921162119	0
-0.0998967175694970	-1.56572547695048	-1.67627098600426	-0.0117760255517125	1.54728418373489	0
-0.0969028624181939	-1.56501707113051	-1.67359561322034	-0.0116147866099960	1.54771715110545	0
-0.0941819066596502	-1.56437810634780	-1.67110087147995	-0.0114695058388065	1.54810825887460	0
-0.0917491264578137	-1.56382254536058	-1.66879951426770	-0.0113425808717884	1.54845472338008	0
-0.0896364456926161	-1.56337483263763	-1.66671391299982	-0.0112384015602778	1.54875086570894	0
-0.0878316901993029	-1.56301934030608	-1.66486035576617	-0.0111540975133810	1.54899997003509	0
-0.0862857072622708	-1.56270738277799	-1.66324715442264	-0.0110807856900774	1.54921273185006	0
-0.0850153019460325	-1.56245248503786	-1.66189035250169	-0.0110208408407978	1.54938631305718	0
-0.0840493466178558	-1.56227801242633	-1.66081146264987	-0.0109784809765714	1.54951562227727	0
-0.0833735574086733	-1.56217196385710	-1.66002020821384	-0.0109514841110198	1.54960396617575	0
-0.0829360230808046	-1.56209047425454	-1.65951456979063	-0.0109318303236319	1.54966196856232	0
-0.0827544043365080	-1.56204734772439	-1.65931276984531	-0.0109220961847728	1.54968675815410	0
-0.0828552275091696	-1.56206693281669	-1.65943424085525	-0.0109268104895194	1.54967356104790	0
-0.0832227952044997	-1.56214093023844	-1.65988287380195	-0.0109445439819983	1.54962558190888	0
-0.0838055748789315	-1.56222849610119	-1.66065200172349	-0.0109679787459557	1.54955309828328	0
-0.0846196141144152	-1.56234443210798	-1.66175851940598	-0.0110000827954742	1.54945344545703	0
-0.0856892341419972	-1.56251608154882	-1.66321828026933	-0.0110461372610055	1.54932199086195	0
-0.0869975023057896	-1.56273841963565	-1.66503010341363	-0.0111055103286551	1.54916183549693	0
-0.0884960192775995	-1.56297131832788	-1.66718932081132	-0.0111713006234097	1.54898277529091	0
-0.0901965714699893	-1.56323155612731	-1.66970697488380	-0.0112470608109656	1.54878257797715	0
-0.0921212223772663	-1.56355131268124	-1.67259416081895	-0.0113391898780067	1.54855663790199	0
-0.0942518504766902	-1.56392818674868	-1.67584565379011	-0.0114477669707862	1.54830800335232	0
-0.0965461555589579	-1.56432068465559	-1.67946683207307	-0.0115660732676385	1.54804587532391	0
-0.0990089876486473	-1.56474836826579	-1.68345796250282	-0.0116983431102189	1.54776868020204	0
-0.101660015227356	-1.56524995164468	-1.68782507307288	-0.0118523897080888	1.54747178804563	0
-0.104479972746196	-1.56582516336021	-1.69256037873611	-0.0120289110224983	1.54715826370876	0
-0.107437073829050	-1.56642976474520	-1.69769146436745	-0.0122213911830007	1.54683649875942	0
-0.110526383553961	-1.56708646280989	-1.70320291247800	-0.0124346954735298	1.54650585425834	0
-0.113765152113985	-1.56784278157165	-1.70909755493764	-0.0126784657395392	1.54616167610794	0
-0.117133192726316	-1.56870088066931	-1.71536838153169	-0.0129541158376774	1.54580713112361	0
-0.120617592334045	-1.56961397841086	-1.72208902310801	-0.0132560965602525	1.54544933684916	0
-0.124153342976868	-1.57059514962682	-1.72912924804468	-0.0135853805797553	1.54509364277259	0
-0.127738392919918	-1.57169624565998	-1.73645424366750	-0.0139515166622980	1.54473701319593	0
-0.130139374186528	-1.57249404503629	-1.74147960181683	-0.0142156726052198	1.54450103236281	0
-0.132518591357915	-1.57329113411682	-1.74660907700371	-0.0144867851950535	1.54427330836784	0
-0.134896298263164	-1.57416526976501	-1.75182370534301	-0.0147784284163229	1.54404660318393	0
-0.137253731861321	-1.57504339711487	-1.75713132402397	-0.0150780585314317	1.54382728994643	0
-0.139572272579265	-1.57598987855402	-1.76252572753163	-0.0153971742958401	1.54361574473599	0
-0.141986456063688	-1.57699045471124	-1.76816005932454	-0.0157379608052897	1.54339601427131	0
-0.144346711107944	-1.57807556136238	-1.77408068995846	-0.0161079534283673	1.54319403550450	0
-0.146490401017581	-1.57908172949102	-1.77947663814225	-0.0164534264500164	1.54301095059273	0
-0.149313689415156	-1.58051923468197	-1.78678034893493	-0.0169423941409524	1.54277399035925	0
-0.152176053518775	-1.58207495978817	-1.79452182162719	-0.0174762744960474	1.54254425271655	0
-0.154843614546025	-1.58362805779430	-1.80204405735406	-0.0180121253224705	1.54233930103044	0
-0.157303315450831	-1.58520695968571	-1.80940311316076	-0.0185561601920400	1.54216239906554	0
-0.159583571386814	-1.58681618478034	-1.81664704893433	-0.0191103491484008	1.54201047231604	0
-0.161720619752334	-1.58840786220102	-1.82370870753328	-0.0196631413639607	1.54187652599301	0
-0.163714963295345	-1.59000898245082	-1.83066619984880	-0.0202217778668508	1.54176254338681	0
-0.165533106220977	-1.59163367451682	-1.83751497241364	-0.0207881847218994	1.54167335310553	0
-0.167185696292192	-1.59327203385053	-1.84424474212182	-0.0213597677387478	1.54160708561454	0
-0.168719651180140	-1.59489347781107	-1.85085210355187	-0.0219305415537651	1.54155689192848	0
-0.170118200117376	-1.59651451728040	-1.85738284366931	-0.0225050637857252	1.54152676572595	0
-0.171349210930229	-1.59814156311799	-1.86378265306138	-0.0230817064512645	1.54151957885239	0
-0.172422891752830	-1.59976719852853	-1.87005905443036	-0.0236590637086624	1.54153417206751	0
-0.173386903923581	-1.60137204248182	-1.87626210545856	-0.0242357032350593	1.54156534546315	0
-0.174221958593269	-1.60296259428867	-1.88237653841927	-0.0248117998509717	1.54161542208684	0
-0.174896243631969	-1.60454448408310	-1.88836268029675	-0.0253860856489416	1.54168783600290	0
-0.175419436514003	-1.60611140454602	-1.89422906840142	-0.0259574742963444	1.54178153043694	0
-0.175839383078504	-1.60764821078793	-1.90002949418133	-0.0265257065236782	1.54189129728807	0
-0.176135849756124	-1.60915796335487	-1.90574140197976	-0.0270899468880650	1.54201945048789	0
-0.176277727790923	-1.61064476237008	-1.91132618211093	-0.0276485912799371	1.54216940487642	0
-0.176274812872607	-1.61210337886044	-1.91679253888215	-0.0282008181475695	1.54234006507339	0
-0.176174779231293	-1.61352222590501	-1.92219658800702	-0.0287473432617451	1.54252624054510	0
-0.175957769636937	-1.61490231762226	-1.92751253223352	-0.0292867333938818	1.54273012807578	0
-0.175593282436929	-1.61624669800088	-1.93270268644690	-0.0298171428691033	1.54295511977953	0
-0.175091285354996	-1.61755128454270	-1.93777591652972	-0.0303380229075419	1.54320006982621	0
-0.174498965211959	-1.61880743938260	-1.94278974969355	-0.0308508999540279	1.54345984027551	0
-0.173797341659872	-1.62001492764642	-1.94771674980801	-0.0313539608494675	1.54373646377763	0
-0.172956375416618	-1.62117609590587	-1.95251982398725	-0.0318451800130117	1.54403330979144	0
-0.171986136901952	-1.62228799539131	-1.95720785588458	-0.0323242681658046	1.54434918681667	0
-0.170933086251137	-1.62334433529097	-1.96183922028478	-0.0327934121819681	1.54467904436046	0
-0.169779333043094	-1.62434418314708	-1.96638557540994	-0.0332505580924856	1.54502472516522	0
-0.168495166667746	-1.62528947025660	-1.97081003107963	-0.0336935402800041	1.54538957348672	0
-0.167090672819021	-1.62617830214152	-1.97512134706574	-0.0341223023510077	1.54577236132681	0
-0.165611431101382	-1.62700613237256	-1.97937846291852	-0.0345395534752109	1.54616815714863	0
-0.164040722570688	-1.62777174262065	-1.98355247552161	-0.0349430955000823	1.54657859830730	0
-0.162349057910020	-1.62847687833294	-1.98760629728510	-0.0353306481048209	1.54700699716343	0
-0.160546460975472	-1.62912057040060	-1.99154846142452	-0.0357023534875185	1.54745209931408	0
-0.158677543168936	-1.62969941821818	-1.99543840528760	-0.0360613171142678	1.54790912151853	0
-0.156726771515626	-1.63021223272996	-1.99924679796725	-0.0364052652395580	1.54837948541535	0
-0.154664799700069	-1.63066076459976	-2.00293595022503	-0.0367318176365899	1.54886646002444	0
-0.152501530355890	-1.63104480719833	-2.00651410379778	-0.0370412766481980	1.54936877413176	0
-0.150280557713623	-1.63136151946453	-2.01004129518539	-0.0373370307751576	1.54988182302279	0
-0.147987521966579	-1.63160998372585	-2.01348776000776	-0.0376167781430813	1.55040680294204	0
-0.145593171300907	-1.63179211949303	-2.01681479076870	-0.0378780453118918	1.55094692263061	0
-0.143107246969052	-1.63190830077241	-2.02003029819796	-0.0381212546838875	1.55150090223052	0
-0.140572284539704	-1.63195567514782	-2.02319515346079	-0.0383499768479544	1.55206435100859	0
-0.137975090865160	-1.63193378509800	-2.02627904475910	-0.0385619127655215	1.55263822580503	0
-0.135286491162706	-1.63184486511560	-2.02924179961676	-0.0387544958010612	1.55322565140831	0
-0.132516044035737	-1.63168968271461	-2.03209096712535	-0.0389282284156951	1.55382534520885	0
-0.129705155514588	-1.63146481040338	-2.03488860113652	-0.0390867723274940	1.55443317732645	0
-0.126841832863866	-1.63117040744830	-2.03760363148943	-0.0392278499034657	1.55504984083131	0
-0.123896994440003	-1.63080916257308	-2.04019391442890	-0.0393487952335352	1.55567834406489	0
-0.120880012515467	-1.63038205534257	-2.04266659557092	-0.0394501517245892	1.55631740441952	0
-0.117831013666183	-1.62988449896750	-2.04508536297120	-0.0395355858112316	1.55696322085640	0
-0.114739318869336	-1.62931741957123	-2.04741807701590	-0.0396028517031760	1.55761618007643	0
-0.111575993849254	-1.62868410523193	-2.04962000728106	-0.0396491715239004	1.55827912915708	0
-0.108350235946049	-1.62798557832031	-2.05169781495818	-0.0396750908043288	1.55895078415094	0
-0.105100583402151	-1.62721542539221	-2.05371738089612	-0.0396841876471149	1.55962777898024	0
-0.101817915913468	-1.62637551608426	-2.05564506480127	-0.0396742552126330	1.56031012179897	0
-0.0984735463567119	-1.62546990490225	-2.05743273604879	-0.0396423816883291	1.56100043526326	0
-0.0950765185103764	-1.62449949926843	-2.05908640249210	-0.0395890728914220	1.56169742740300	0
-0.0916631579097211	-1.62345517297893	-2.06067481664468	-0.0395176949672545	1.56239834544719	0
-0.0882263583496557	-1.62233998749456	-2.06216223748660	-0.0394260891853916	1.56310269931619	0
-0.0847378348432933	-1.62115897042492	-2.06349594397463	-0.0393111700468190	1.56381279514825	0
-0.0812064958367951	-1.61991275166285	-2.06468092346403	-0.0391733485692715	1.56452731893316	0
-0.0776651346426277	-1.61858806266645	-2.06578960268476	-0.0390155655403901	1.56524446306872	0
-0.0752999604335704	-1.61766336048604	-2.06646788436486	-0.0388982546334344	1.56572287895065	0
-0.0728987296153879	-1.61671322361651	-2.06704412832637	-0.0387686595638905	1.56620445281066	0
-0.0705117605056377	-1.61572340048840	-2.06760257624746	-0.0386304795414219	1.56668490799388	0
-0.0680899443099523	-1.61470795366522	-2.06805398233376	-0.0384795838246385	1.56716810429991	0
-0.0656831724729223	-1.61365114081078	-2.06848564230492	-0.0383196328797855	1.56765003959816	0
-0.0632426431578026	-1.61256833421953	-2.06880435552609	-0.0381464431529178	1.56813428563358	0
-0.0608175570665517	-1.61144195754928	-2.06910094893689	-0.0379636064848607	1.56861719858569	0
-0.0583595915929865	-1.61028894220136	-2.06927749122502	-0.0377668787519223	1.56910198511631	0
-0.0559167918690067	-1.60908935812037	-2.06942896601934	-0.0375597316854042	1.56958549348665	0
-0.0534416084500720	-1.60786204730343	-2.06945160076014	-0.0373378477223128	1.57007044712316	0
-0.0509973278997428	-1.60659321490400	-2.06944497925353	-0.0371061544905083	1.57055098284302	0
-0.0485388616760772	-1.60530405512622	-2.06930337575990	-0.0368606399321550	1.57102919383546	0
-0.0461196238594663	-1.60397663019879	-2.06912939654413	-0.0366056933494698	1.57150124436638	0
-0.0436989510761261	-1.60263447436405	-2.06881546520455	-0.0363376198358133	1.57196826125981	0
-0.0413243526540955	-1.60125745637259	-2.06846782546315	-0.0360606651974584	1.57242769596628	0
-0.0389633507957058	-1.59987228177589	-2.06797698107907	-0.0357716043137680	1.57287900995475	0
-0.0366455843675945	-1.59845370416986	-2.06745443823458	-0.0354741193659716	1.57332324172914	0
-0.0343782628908455	-1.59704023554109	-2.06678042910488	-0.0351664199747507	1.57375190854021	0
-0.0321429995685643	-1.59560282500535	-2.06609502029863	-0.0348535736653199	1.57417592130683	0
-0.0300484053046334	-1.59420851510176	-2.06525978444438	-0.0345376640612668	1.57456689612023	0
-0.0271800473999534	-1.59224325717624	-2.06406874758943	-0.0340915848300498	1.57510322045269	0
-0.0244758421420210	-1.59032907114272	-2.06273345216628	-0.0336445462026836	1.57560248695795	0
-0.0217941593099761	-1.58835317364513	-2.06113116193648	-0.0331671559111769	1.57608893965717	0
-0.0191773576993927	-1.58634145260277	-2.05944003038591	-0.0326772681561818	1.57656213740947	0
-0.0166160655690543	-1.58429006062986	-2.05757930220205	-0.0321684354654492	1.57702017672411	0
-0.0141574875655367	-1.58223414652979	-2.05548314918480	-0.0316425269797319	1.57745010819305	0
-0.0118075456579504	-1.58017844482560	-2.05317373077138	-0.0311022512733098	1.57785164624877	0
-0.00952072447213761	-1.57808639555686	-2.05073464195798	-0.0305471088117210	1.57823828297668	0
-0.00732610478967341	-1.57597937112473	-2.04812590576440	-0.0299783350677421	1.57860206231548	0
-0.00526102523494800	-1.57388814376932	-2.04527524798247	-0.0293967123314199	1.57893163648374	0
-0.00332232715682916	-1.57181193852847	-2.04219388991593	-0.0288032246031487	1.57922807253803	0
-0.00147101516660070	-1.56972061909692	-2.03898330546749	-0.0281997101340452	1.57950426948825	0
0.000269327570605611	-1.56763239012959	-2.03559482131786	-0.0275863462097570	1.57975296994772	0
0.00186094470676951	-1.56558036097979	-2.03195893544721	-0.0269647435056962	1.57996275832432	0
0.00330822521860591	-1.56356426767960	-2.02809079091104	-0.0263363008372844	1.58013508816824	0
0.00465302147610879	-1.56155250469449	-2.02409276307075	-0.0257024876079216	1.58028349399578	0
0.00587329481071082	-1.55956229595125	-2.01991255886331	-0.0250632157738299	1.58040087106740	0
0.00693251564001153	-1.55762772811656	-2.01548190785391	-0.0244205852757421	1.58047603662988	0
0.00783645567040026	-1.55574808831068	-2.01081610678610	-0.0237759641385213	1.58051073687069	0
0.00862911309707629	-1.55388931131888	-2.00601703758046	-0.0231301427238046	1.58051899448617	0
0.00928789921993829	-1.55207000543077	-2.00103187247775	-0.0224834399541713	1.58049353303354	0
0.00977720469012981	-1.55032566500798	-1.99579379476451	-0.0218385597272515	1.58042335641755	0
0.0101036632347139	-1.54865531345853	-1.99031866094497	-0.0211968933344349	1.58031042639634	0
0.0103128304810233	-1.54702185145210	-1.98470717694441	-0.0205583698912192	1.58016913769742	0
0.0103815321203143	-1.54544601654957	-1.97890809333743	-0.0199240043539950	1.57999210958268	0
0.0102751829721133	-1.54396485691407	-1.97285626894676	-0.0192971606374463	1.57976857135529	0
0.0100012811189491	-1.54257693566305	-1.96656861946573	-0.0186792342726408	1.57950073605613	0
0.00960642655233424	-1.54124155879326	-1.96014404884480	-0.0180691185478386	1.57920326714020	0
0.00906788188946484	-1.53998245122395	-1.95353896705384	-0.0174690270611142	1.57886910629738	0
0.00835281782462765	-1.53883815619551	-1.94669203531187	-0.0168830841756838	1.57848795147760	0
0.00747045192341455	-1.53780618345044	-1.93962386006369	-0.0163126795099899	1.57806256374426	0
0.00646893670982594	-1.53684265619978	-1.93243726891602	-0.0157559796546986	1.57760818660880	0
0.00532644462226737	-1.53597141069549	-1.92508731330779	-0.0152153089007209	1.57711790157916	0
0.00401244016020593	-1.53523137323116	-1.91751584458636	-0.0146952799308250	1.57658200450303	0
0.00253755676487876	-1.53461827086366	-1.90974516478855	-0.0141969700761945	1.57600368815995	0
0.000949315098465384	-1.53408380395112	-1.90187131864902	-0.0137169715295263	1.57539794776183	0
-0.000772571513106587	-1.53365246978842	-1.89385383540497	-0.0132581286799337	1.57475835793310	0
-0.00265678568378240	-1.53336358794368	-1.88563748628816	-0.0128255120482264	1.57407572827990	0
-0.00469211295483276	-1.53321131542925	-1.87724520188050	-0.0124198358697378	1.57335346944989	0
-0.00683591587631444	-1.53314324463037	-1.86875217688590	-0.0120355807735881	1.57260492837550	0
-0.00910713059225240	-1.53318458594342	-1.86012242483259	-0.0116761408624257	1.57182414328220	0
-0.0115358101061340	-1.53337657889945	-1.85129706643107	-0.0113470931354777	1.57100152395780	0
-0.0141140197025118	-1.53371425228563	-1.84229983577627	-0.0110492842351138	1.57013991815565	0
-0.0167988678010030	-1.53414017346069	-1.83319998063374	-0.0107757400108105	1.56925262773238	0
-0.0195942148772829	-1.53467747437357	-1.82397837279179	-0.0105303724335225	1.56833723259780	0
-0.0225249455994968	-1.53536963492215	-1.81465354535366	-0.0103221603491337	1.56738838870323	0
-0.0255764371227515	-1.53620536297987	-1.80525402428437	-0.0101505232621472	1.56641057225140	0
-0.0287151740669994	-1.53712435896610	-1.79575674597988	-0.0100043092518325	1.56541147724732	0
-0.0319424353681050	-1.53814864132861	-1.78620879065106	-0.00988937357340352	1.56439205989099	0
-0.0352788967349417	-1.53931925124006	-1.77662606517786	-0.00981380499049258	1.56334772737720	0
-0.0387064643498213	-1.54062192483695	-1.76703807034100	-0.00977608858602947	1.56228367667582	0
-0.0421842804733327	-1.54198869057393	-1.75744595889377	-0.00976419976805363	1.56121015169535	0
-0.0456944056722778	-1.54343095510025	-1.74794743911722	-0.00978265875244711	1.56013399191434	0
-0.0492420241247132	-1.54498184502950	-1.73859046813590	-0.00983814708037944	1.55905493350974	0
-0.0516125156400548	-1.54606484304794	-1.73244177593808	-0.00989365244353574	1.55833757679165	0
-0.0539992314348017	-1.54714944603240	-1.72633898712192	-0.00995649617731295	1.55762030050779	0
-0.0563397012782640	-1.54827632373392	-1.72034570520891	-0.0100350773435383	1.55691487212133	0
-0.0585789058479713	-1.54934147769718	-1.71476491521213	-0.0101163366129698	1.55624787212038	0
-0.0616638587024971	-1.55087910067857	-1.70713083511754	-0.0102500883093514	1.55532974331443	0
-0.0645896432651519	-1.55234129803801	-1.70005243733342	-0.0103891425649996	1.55446714530559	0
-0.0673125997484920	-1.55371780730736	-1.69359111303967	-0.0105307388845472	1.55367030640742	0
-0.0697988472852497	-1.55501634628124	-1.68774722543839	-0.0106743189243181	1.55294445389214	0
-0.0720601621177663	-1.55622705962633	-1.68248606202673	-0.0108158692688791	1.55228622249613	0
-0.0741273094713822	-1.55731806896324	-1.67779357949149	-0.0109479986575345	1.55169077167502	0
-0.0759926915591552	-1.55830234555880	-1.67363671195907	-0.0110713048027364	1.55115727890513	0
-0.0776156053972261	-1.55918132641126	-1.67004441141633	-0.0111852747841334	1.55069368145501	0
-0.0790014308267120	-1.55994723951683	-1.66700069891084	-0.0112873207408891	1.55029851553801	0
-0.0801915588990146	-1.56058523060466	-1.66446037074771	-0.0113734557784610	1.54996323886272	0
-0.0811651960329439	-1.56109931233754	-1.66242694573252	-0.0114437961448381	1.54969128181375	0
-0.0818837137243672	-1.56149148250353	-1.66092730379720	-0.0114984551813447	1.54949020222657	0
-0.0823528699246256	-1.56175917436296	-1.65994262366141	-0.0115363776257398	1.54935825511728	0
-0.0826173127432226	-1.56189546167438	-1.65941821910347	-0.0115555147927484	1.54928574445964	0
-0.0826519665740088	-1.56190182566942	-1.65936781153903	-0.0115561486972252	1.54927745967018	0
-0.0824201434628680	-1.56178229450884	-1.65981338700845	-0.0115392130572225	1.54934044929781	0
-0.0819287139836460	-1.56153859788157	-1.66073177456383	-0.0115048923279025	1.54947254172126	0
-0.0812245621495505	-1.56116811045278	-1.66206367357773	-0.0114523064317358	1.54966339910673	0
-0.0802817414297613	-1.56067272109236	-1.66382340172992	-0.0113822234199175	1.54991807381589	0
-0.0790656527757456	-1.56005982805580	-1.66602608759132	-0.0112965184181132	1.55024295182732	0
-0.0775846935113285	-1.55933443898669	-1.66864451365755	-0.0111962613545543	1.55063540381289	0
-0.0758869405258672	-1.55849497081481	-1.67161976833681	-0.0110809885689386	1.55108493697805	0
-0.0739474349551104	-1.55754556042766	-1.67496204155966	-0.0109520900175951	1.55159626901300	0
-0.0717336262089594	-1.55649755535241	-1.67867924769858	-0.0108123093176227	1.55217507554964	0
-0.0692554750660756	-1.55535796430020	-1.68274170741130	-0.0106631698424022	1.55281834559960	0
-0.0665608721402444	-1.55412351823503	-1.68709568619344	-0.0105039700624459	1.55351593528931	0
-0.0636271297610289	-1.55280156540066	-1.69174492151186	-0.0103366860247903	1.55427184259132	0
-0.0604235919030393	-1.55140736338838	-1.69669069167701	-0.0101647262635994	1.55509104735710	0
-0.0569616137320610	-1.54994871861808	-1.70190269330284	-0.00998966516160187	1.55597026339930	0
-0.0532871693026319	-1.54841849000278	-1.70733665015807	-0.00981007146990633	1.55690022138403	0
-0.0493811283264023	-1.54682764888865	-1.71298848206999	-0.00962838050708148	1.55788385853915	0
-0.0452145579206393	-1.54519506899534	-1.71885357939091	-0.00944844125135009	1.55892548200868	0
-0.0407999838737744	-1.54352838768630	-1.72490254428121	-0.00927157617801271	1.56002162220969	0
-0.0361794314833399	-1.54181488097572	-1.73110425639647	-0.00909532019964526	1.56116443675018	0
-0.0313388170299237	-1.54006926415681	-1.73744577243367	-0.00892241894796171	1.56235543898510	0
-0.0262507756118727	-1.53831374138523	-1.74391698227005	-0.00875698477523858	1.56359826477890	0
-0.0209287697867339	-1.53655506159422	-1.75049043797517	-0.00859990008615225	1.56488933111513	0
-0.0154084169627348	-1.53477356739000	-1.75715166682976	-0.00844754117578080	1.56622285473909	0
-0.00968244428120615	-1.53298769410977	-1.76387787637977	-0.00830282613288106	1.56759851526699	0
-0.00372489822221096	-1.53122284395255	-1.77065294466035	-0.00817001509463272	1.56901923663823	0
0.00245009268786844	-1.52948437972485	-1.77745164997148	-0.00804945366913435	1.57048136885806	0
0.00881656393039052	-1.52774457739943	-1.78428074196541	-0.00793640821197936	1.57198203244313	0
0.0153727608735321	-1.52602551497659	-1.79110697502345	-0.00783386798789611	1.57351859978689	0
0.0221432888324949	-1.52435590741135	-1.79790829520261	-0.00774623538749148	1.57509324796630	0
0.0291137784678910	-1.52273977260656	-1.80463598575138	-0.00767251540236412	1.57670117030047	0
0.0362642272532980	-1.52114166554334	-1.81134891819922	-0.00760809378614044	1.57834313637142	0
0.0432693880633326	-1.51965215413147	-1.81773599805125	-0.00755841150624821	1.57994320901846	0
0.0503797166893764	-1.51824166618704	-1.82396347321176	-0.00752309910581271	1.58155443886014	0
0.0578364489788899	-1.51687279980860	-1.83019285686679	-0.00750084871097999	1.58322879351903	0
0.0653792857620888	-1.51554406295713	-1.83633555990199	-0.00748810079339036	1.58491603446599	0
0.0730212757533120	-1.51427850093427	-1.84233707563317	-0.00748668137921643	1.58661483530121	0
0.0807489623002362	-1.51311128907498	-1.84810273670508	-0.00749883628527994	1.58831662719313	0
0.0885140630231866	-1.51204076657229	-1.85361712438469	-0.00752305850066085	1.59001191583569	0
0.0962712606201689	-1.51102764762683	-1.85895659598918	-0.00755479587663990	1.59169778476199	0
0.104011869443533	-1.51009103089033	-1.86406718835501	-0.00759486990088428	1.59336903076715	0
0.111741542817327	-1.50925873401673	-1.86888186990122	-0.00764497143354199	1.59502191136266	0
0.119439520771393	-1.50852261301323	-1.87341172649101	-0.00770350020178034	1.59665331443843	0
0.127066559165223	-1.50784028690160	-1.87773858253560	-0.00776582414844053	1.59826186414088	0
0.134635033036092	-1.50722686605430	-1.88182464521515	-0.00783265395045001	1.59984702181701	0
0.142130520335672	-1.50670953432667	-1.88560042090680	-0.00790539632435200	1.60140127269786	0
0.149448280593305	-1.50628485321847	-1.88907247362430	-0.00798323426519804	1.60290591869172	0
0.156057707497349	-1.50592513711779	-1.89205724802782	-0.00805245920273566	1.60425767896395	0
0.162816667755840	-1.50560515455271	-1.89494324351707	-0.00812559975283251	1.60563068286179	0
0.169599579698463	-1.50535616338570	-1.89762148821648	-0.00820317204930752	1.60699535598653	0
0.176318334853291	-1.50516960225404	-1.90007305650284	-0.00828252119550096	1.60833516871680	0
0.183069612545933	-1.50500695139157	-1.90239340571616	-0.00836091530343200	1.60967401834371	0
0.189737805221587	-1.50488444719224	-1.90451462492128	-0.00843797922770417	1.61098680057497	0
0.196280444774276	-1.50482668046312	-1.90637990415968	-0.00851529635419418	1.61226165032138	0
0.202695836390539	-1.50482398691431	-1.90800673484024	-0.00859174893894776	1.61349944562973	0
0.209006401137065	-1.50483589440258	-1.90947632701396	-0.00866372938924078	1.61471018941862	0
0.215191895768792	-1.50487662975006	-1.91075703984656	-0.00873220219718977	1.61588783083460	0
0.221215361171295	-1.50496777944861	-1.91180013606761	-0.00879862888740159	1.61702204830208	0
0.227082117485986	-1.50509957094793	-1.91262730352326	-0.00886217873646408	1.61811526605562	0
0.232830132477474	-1.50523531839802	-1.91332001722577	-0.00892006646609935	1.61918021630784	0
0.238446464863378	-1.50538804247987	-1.91385019228900	-0.00897325231266687	1.62021242340144	0
0.243897949169848	-1.50557770145722	-1.91417294327199	-0.00902313917243123	1.62120254229915	0
0.249193288334055	-1.50579602965292	-1.91430866300475	-0.00906918668183892	1.62215352510107	0
0.254375149709028	-1.50600983775492	-1.91433478448018	-0.00910912063402856	1.62307865034544	0
0.259429462174654	-1.50623126351228	-1.91422387267393	-0.00914380818965609	1.62397333251022	0
0.264324050408393	-1.50647914090469	-1.91393304191195	-0.00917459001958441	1.62482857739398	0
0.269068171122280	-1.50674656107824	-1.91348061694894	-0.00920112033148658	1.62564730420682	0
0.273707117592840	-1.50700322648702	-1.91293976085765	-0.00922146988820481	1.62644295472033	0
0.278224219027101	-1.50726045244210	-1.91228373804084	-0.00923641880746655	1.62721056274050	0
0.282587638091815	-1.50753626090731	-1.91147105612084	-0.00924726837940429	1.62794131695049	0
0.286806603523222	-1.50782483259592	-1.91051821662915	-0.00925380882243602	1.62863800969722	0
0.290927748177683	-1.50809809350526	-1.90949461377852	-0.00925432638167501	1.62931405256986	0
0.294932428027658	-1.50836668337883	-1.90837446411338	-0.00924954898095799	1.62996421382835	0
0.298788901550019	-1.50864804448383	-1.90711734122563	-0.00924076318988428	1.63057978995350	0
0.302506215798276	-1.50893720369910	-1.90573826352851	-0.00922785281325782	1.63116343800668	0
0.306131593980940	-1.50920774114952	-1.90430346953974	-0.00920922257910603	1.63172845030835	0
0.309645151648523	-1.50946978485970	-1.90278818951919	-0.00918557863411443	1.63226945446080	0
0.313015115122938	-1.50974037926366	-1.90115283768143	-0.00915821509972046	1.63277780877860	0
0.316250298490654	-1.51001519761694	-1.89941123298912	-0.00912707671795482	1.63325604342977	0
0.319398047819471	-1.51026900776022	-1.89762704220820	-0.00909061287482853	1.63371729143618	0
0.322437770579221	-1.51051157545828	-1.89577642743061	-0.00904952975142317	1.63415612238926	0
0.325337567920831	-1.51075968963735	-1.89382048123472	-0.00900514823260387	1.63456392254632	0
0.328105992621219	-1.51100950723290	-1.89177204732689	-0.00895744815088411	1.63494310516189	0
0.330790227580057	-1.51123660989236	-1.88969273975896	-0.00890486714938333	1.63530663210810	0
0.333369304079945	-1.51145052535847	-1.88755949976752	-0.00884812597381749	1.63564905936561	0
0.335811122834119	-1.51166789812419	-1.88533398664793	-0.00878858880099795	1.63596177496970	0
0.338123955614205	-1.51188523746864	-1.88302824725376	-0.00872625011822384	1.63624708447738	0
0.340354664732547	-1.51207864566845	-1.88070228599523	-0.00865949285914604	1.63651778429702	0
0.342482084661878	-1.51225751080669	-1.87833364723094	-0.00858906170380321	1.63676843396542	0
0.344473854931166	-1.51243842016620	-1.87588448796111	-0.00851637853127968	1.63699040333909	0
0.346337954333193	-1.51261813180357	-1.87336620110789	-0.00844143666207501	1.63718589871869	0
0.348120863365976	-1.51277304493233	-1.87083754308183	-0.00836253173045406	1.63736756786818	0
0.349801288981159	-1.51291248392522	-1.86827649037138	-0.00828043850641622	1.63752997270217	0
0.351346563084621	-1.51305304924926	-1.86564566397179	-0.00819664947070669	1.63766445025213	0
0.352764368262261	-1.51319166948349	-1.86295591631462	-0.00811114501091636	1.63777311543958	0
0.354100815465602	-1.51330487533207	-1.86026503248096	-0.00802210871555563	1.63786849101688	0
0.355334474884165	-1.51340198625631	-1.85755127243781	-0.00793035007034646	1.63794512802988	0
0.356432339060705	-1.51349967637882	-1.85477771561282	-0.00783744420931645	1.63799432060155	0
0.357401800652840	-1.51359498973004	-1.85195476124829	-0.00774335042623150	1.63801809971303	0
0.358288668961665	-1.51366446970348	-1.84913941275498	-0.00764612117161419	1.63802889038848	0
0.359071313512340	-1.51371747866812	-1.84631009825145	-0.00754660521747184	1.63802121200481	0
0.359716371037496	-1.51377082179250	-1.84343037143767	-0.00744647229591503	1.63798630960336	0
0.360230960428533	-1.51382162445725	-1.84051024157616	-0.00734565565880816	1.63792613731693	0
0.360660697211412	-1.51384635861529	-1.83760603265295	-0.00724206125952513	1.63785305087187	0
0.360983651483620	-1.51385447303049	-1.83469626588221	-0.00713658297494967	1.63776151317109	0
0.361166103835850	-1.51386296480583	-1.83174500072961	-0.00703099778156087	1.63764271741156	0
0.361214925718968	-1.51386902504166	-1.82876189721202	-0.00692521079150533	1.63749854777702	0
0.361175671853417	-1.51384899274867	-1.82580261568234	-0.00681696815058218	1.63734131810982	0
0.361025997659434	-1.51381244899440	-1.82284573959939	-0.00670721703809970	1.63716540917305	0
0.360731844492443	-1.51377665306561	-1.81985587762562	-0.00659785584740179	1.63696196272544	0
0.360299873329653	-1.51373886174239	-1.81684236046839	-0.00648876194321553	1.63673280000387	0
0.359775721179004	-1.51367523067084	-1.81386011511556	-0.00637750893435056	1.63649021726303	0
0.359136515608380	-1.51359552792322	-1.81088780223397	-0.00626510880430843	1.63622848971160	0
0.358347894324538	-1.51351735903650	-1.80789063521525	-0.00615359781775022	1.63593871141422	0
0.357416356278218	-1.51343805869998	-1.80487761669016	-0.00604282808565771	1.63562264825581	0
0.356387758223799	-1.51333354960419	-1.80190278253332	-0.00593018725780903	1.63529259768052	0
0.355238608384865	-1.51321385563614	-1.79894493178333	-0.00581676759311830	1.63494271153603	0
0.353934296778634	-1.51309702860806	-1.79596995781593	-0.00570476254864797	1.63456404409168	0
0.352481221442777	-1.51298050177794	-1.79298652093953	-0.00559400312934126	1.63415831479231	0
0.350925573300510	-1.51283990834408	-1.79004750691117	-0.00548167580316933	1.63373783222030	0
0.349243192633808	-1.51268561434567	-1.78713196162545	-0.00536897288074539	1.63329661654250	0
0.347399299937064	-1.51253623244119	-1.78420657653198	-0.00525826752660339	1.63282569621681	0
0.345400267517609	-1.51238931896235	-1.78127964694374	-0.00514937491985122	1.63232675556286	0
0.343292691952696	-1.51222015096298	-1.77840250653726	-0.00503926233430284	1.63181211002301	0
0.341051763456413	-1.51203954110510	-1.77555460800034	-0.00492924612772243	1.63127565398384	0
0.338642635418143	-1.51186678474180	-1.77270366265237	-0.00482190495039377	1.63070841446119	0
0.336071745339389	-1.51169958320398	-1.76985759368040	-0.00471704402214035	1.63011205653306	0
0.333386102446472	-1.51151278780442	-1.76706551218564	-0.00461138959689783	1.62949887354694	0
0.330560359067189	-1.51131777807397	-1.76430748970812	-0.00450640961047023	1.62886265985937	0
0.327559731839378	-1.51113464075140	-1.76155276406000	-0.00440491739199881	1.62819448723565	0
0.324390833510813	-1.51096122489500	-1.75880903274570	-0.00430671463311365	1.62749603077339	0
0.321101019732511	-1.51077192540791	-1.75612178525650	-0.00420825898862965	1.62677948129450	0
0.317664656787183	-1.51057883539507	-1.75347178472507	-0.00411119848030909	1.62603857728007	0
0.314047211845850	-1.51040287129558	-1.75083116373929	-0.00401861525056604	1.62526454108923	0
0.310255610154280	-1.51024173210182	-1.74821095212654	-0.00393033467083641	1.62445928134988	0
0.306337784680198	-1.51006958794157	-1.74564871467787	-0.00384250523826073	1.62363469966236	0
0.302270836887395	-1.50990147807642	-1.74310430498694	-0.00375689385660661	1.62278382326459	0
0.298022230460912	-1.50975337138502	-1.74062388241185	-0.00367732760925161	1.62190223197798	0
0.293602853729138	-1.50962884318966	-1.73814631835648	-0.00360310430081410	1.62098861041501	0
0.289050590255297	-1.50950078476851	-1.73571217604245	-0.00353016533593611	1.62005327330213	0
0.284343821530972	-1.50938239379984	-1.73331127386161	-0.00346062989385350	1.61909109910089	0
0.279448310311975	-1.50929386089013	-1.73094781975653	-0.00339817429024160	1.61809503391117	0
0.274371133257738	-1.50923406551529	-1.72862074611750	-0.00334253238108621	1.61706635909525	0
0.269158319764752	-1.50917914019952	-1.72632455425320	-0.00328926054672269	1.61601438908890	0
0.263786039744976	-1.50914218076525	-1.72406192527257	-0.00324072898021453	1.61493426914004	0
0.258221463743414	-1.50914467218010	-1.72183685299644	-0.00320084003191219	1.61381914135748	0
0.252473076667912	-1.50918563914145	-1.71964807871114	-0.00316935365163879	1.61267054954647	0
0.246583717280819	-1.50924009352933	-1.71748897746293	-0.00314161260644990	1.61149725668176	0
0.240532987196445	-1.50932214026409	-1.71536305658604	-0.00312018277086818	1.61029504237499	0
0.234596325859484	-1.50945018242910	-1.71337655767263	-0.00311009825307726	1.60911797225688	0
0.229143987968245	-1.50959590082302	-1.71162107945656	-0.00310760250274255	1.60803895562051	0