0	-1.57079632679490	-1.57079632679490	0	1.57079632679490	0
0.0247995931008371	-1.56436048177985	-1.59337629916333	0.00137832684018042	1.57640677531221	0
0.0441714954825700	-1.55854645798634	-1.61187976658190	0.00253830894134341	1.58089033155952	0
0.0598210339021611	-1.55380840591051	-1.62696995466296	0.00343924516682517	1.58453962271074	0
0.0713100215862395	-1.55060537155122	-1.63792013896299	0.00402532431687142	1.58721029849729	0
0.0801305300661249	-1.54818849269008	-1.64648059961303	0.00445321358665606	1.58927149886863	0
0.0867819927508652	-1.54645007744857	-1.65313182317455	0.00475155793969070	1.59083413457365	0
0.0909113584674417	-1.54532772869735	-1.65767880348069	0.00493909907172864	1.59182728880139	0
0.0928210583970804	-1.54470962547156	-1.66043125088582	0.00503971059205776	1.59232229776581	0
0.0926926010689896	-1.54459929242923	-1.66150133761672	0.00505474744904878	1.59235541124412	0
0.0906704999640821	-1.54493231166809	-1.66104086086810	0.00499619079221511	1.59196224389295	0
0.0867502713602305	-1.54559561360115	-1.65969208290639	0.00488145925798242	1.59117814274391	0
0.0815094371761787	-1.54642967302652	-1.65839245165047	0.00473508076769229	1.59015694858862	0
0.0747769345699943	-1.54754655901302	-1.65704131976176	0.00453707860443458	1.58885927831848	0
0.0666689776303114	-1.54887932819252	-1.65562524107324	0.00429972920110653	1.58730914053396	0
0.0572866411569954	-1.55052952892644	-1.65412262648256	0.00400458663371038	1.58551967637198	0
0.0467475399169980	-1.55243434247142	-1.65250612521785	0.00366321423417535	1.58351466822547	0
0.0359988362351297	-1.55451540356053	-1.65089171688570	0.00328947766211207	1.58146971264935	0
0.0249406977981572	-1.55675660288951	-1.64928652129349	0.00288633157034492	1.57936914314181	0
0.0143317138092532	-1.55903864153336	-1.64779969715900	0.00247521613152814	1.57735561960800	0
0.00410959370211701	-1.56132469568822	-1.64642041770326	0.00206295109914032	1.57541916539738	0
-0.00571259231669308	-1.56359535848866	-1.64514891054681	0.00165312829492821	1.57356255529442	0
-0.0151300282341584	-1.56586755410703	-1.64398062240003	0.00124272435126296	1.57178525021211	0
-0.0241194653994411	-1.56814151294792	-1.64291344785395	0.000831743887900835	1.57009072792505	0
-0.0325916304121207	-1.57034176307877	-1.64196158618002	0.000433918930185305	1.56849776610389	0
-0.0404981253769622	-1.57243686988260	-1.64112938511825	5.49745868887554e-05	1.56701556342833	0
-0.0478318043911180	-1.57444170251997	-1.64040892604447	-0.000307766639301584	1.56564365052429	0
-0.0545754243540453	-1.57635660170345	-1.63979353890762	-0.000654346684746790	1.56438399241747	0
-0.0606486137984827	-1.57810387015102	-1.63929408285036	-0.000970672631583137	1.56325338564646	0
-0.0660136451139877	-1.57965443480306	-1.63890828715850	-0.00125147265621676	1.56225863419978	0
-0.0706757710580667	-1.58102979606687	-1.63861910775360	-0.00150063115358736	1.56139649567034	0
-0.0746315589155409	-1.58223772672004	-1.63841058033773	-0.00171953728090836	1.56066593003917	0
-0.0778157285487244	-1.58320642328003	-1.63828476810125	-0.00189517367380406	1.56008055623139	0
-0.0802067001758124	-1.58391688308832	-1.63822821272407	-0.00202407438933114	1.55964375828986	0
-0.0818270899703560	-1.58440383485584	-1.63821166873920	-0.00211248047239378	1.55934864311434	0
-0.0826916654414906	-1.58468854074933	-1.63820755192498	-0.00216418183428968	1.55919041509771	0
-0.0827541339467451	-1.58471211760807	-1.63820619009387	-0.00216845962602553	1.55917881666619	0
-0.0820123377332375	-1.58447098565428	-1.63818196796911	-0.00212458519655321	1.55931326738420	0
-0.0805086893814962	-1.58401608590679	-1.63809489214517	-0.00204168477973889	1.55958288897601	0
-0.0782777068361619	-1.58338402615933	-1.63790834441820	-0.00192629651730917	1.55997896594483	0
-0.0752926896124447	-1.58253137377592	-1.63760304656361	-0.00177047799220385	1.56050731180371	0
-0.0715706879312761	-1.58146989277840	-1.63714577009098	-0.00157628671177108	1.56116352722033	0
-0.0671726453079059	-1.58026379827665	-1.63649266256055	-0.00135531765066173	1.56193314593456	0
-0.0621505716123590	-1.57896104732339	-1.63560561503273	-0.00111628350566931	1.56280411370971	0
-0.0564941937805202	-1.57753039955749	-1.63446246598810	-0.000853590493821564	1.56377899989602	0
-0.0502359017807223	-1.57599324184444	-1.63303083674837	-0.000571257421663154	1.56485046042689	0
-0.0434504499662500	-1.57441920135397	-1.63127264819440	-0.000282174729711744	1.56600153218273	0
-0.0362018777680652	-1.57285947861877	-1.62915749721765	3.98058741263669e-06	1.56721805175093	0
-0.0284904889651473	-1.57128804805824	-1.62666823006490	0.000291471822078513	1.56850060071027	0
-0.0203578017862945	-1.56972752512774	-1.62378171337549	0.000575584784732876	1.56984027783693	0
-0.0118857700400651	-1.56824380622197	-1.62047380272136	0.000843551241132647	1.57121913594356	0
-0.00314355803046508	-1.56688290461495	-1.61672868402546	0.00108606260848904	1.57262246722352	0
0.00586471330581614	-1.56561691664711	-1.61253979795199	0.00130718640048179	1.57405037734790	0
0.0150951909436368	-1.56446236061882	-1.60789838138175	0.00150273647285703	1.57549397329643	0
0.0244655188114741	-1.56347451937017	-1.60279827453350	0.00166128060544675	1.57693591310482	0
0.0339081030067410	-1.56268854783836	-1.59724088667913	0.00177494783707734	1.57836249454099	0
0.0434213614256020	-1.56207011102063	-1.59123207551415	0.00184852740134535	1.57977480676882	0
0.0529652878599938	-1.56162562201272	-1.58477837727657	0.00187925463665589	1.58116539916649	0
0.0624630739774530	-1.56139676063570	-1.57789124368364	0.00185782742900380	1.58251890536239	0
0.0718542802820222	-1.56140600678636	-1.57058785381088	0.00177845619076419	1.58382388127757	0
0.0811451573560475	-1.56161146724392	-1.56288471333826	0.00164719190463905	1.58508354653789	0
0.0903044906128657	-1.56200914759062	-1.55480093005828	0.00146314227868202	1.58629293789397	0
0.0992655368057011	-1.56262787598604	-1.54636164954833	0.00121944956977808	1.58743956946080	0
0.107978954899993	-1.56347903712641	-1.53759527805261	0.000912583303397172	1.58851498166153	0
0.116462454633815	-1.56451506021670	-1.52852443814837	0.000549945347854469	1.58952511830222	0
0.124696677357900	-1.56572412621678	-1.51917551992862	0.000132492548338531	1.59046793687677	0
0.132627340742225	-1.56712554276432	-1.50958125484709	-0.000344348913492424	1.59133407336413	0
0.140217854670562	-1.56872330287593	-1.49977504732905	-0.000882123258419522	1.59211809259224	0
0.147498532583598	-1.57046779278050	-1.48977980803441	-0.00147242674217470	1.59282855068164	0
0.154462330458486	-1.57234332497166	-1.47962308715779	-0.00211288941454894	1.59346605508443	0
0.161067094170411	-1.57436393239832	-1.46933888350379	-0.00280633317678533	1.59402391463125	0
0.167287930095268	-1.57653037850446	-1.45895970013221	-0.00355290986305899	1.59449911551604	0
0.173166134122797	-1.57879468939265	-1.44850374055221	-0.00434382550660366	1.59490211803736	0
0.178704852711022	-1.58114092890816	-1.43799491910947	-0.00517593343402012	1.59523539219861	0
0.183871362654794	-1.58358139871356	-1.42746407140815	-0.00605096691968657	1.59549404428988	0
0.188649366134539	-1.58611678831631	-1.41693910639099	-0.00696834257833847	1.59567655746260	0
0.193087753174926	-1.58870313913919	-1.40643097329483	-0.00791946533532306	1.59579437267165	0
0.197196383782245	-1.59132645311774	-1.39595775788044	-0.00890097627576268	1.59585091966575	0
0.200948348057664	-1.59399932698928	-1.38554544208084	-0.00991406287747226	1.59584221189059	0
0.204332324206895	-1.59672396100905	-1.37521630561391	-0.0109578983408601	1.59576738058182	0
0.207401268423535	-1.59946116493940	-1.36497394689232	-0.0120244562360007	1.59563808543904	0
0.210168449893495	-1.60219957855118	-1.35483070483472	-0.0131105068521445	1.59545802170046	0
0.212609638817595	-1.60495276901474	-1.34480808120516	-0.0142170082846177	1.59522347302561	0
0.214715570909832	-1.60772478678482	-1.33492347050695	-0.0153431485591798	1.59493365412382	0
0.216540636333436	-1.61048083296585	-1.32517442301372	-0.0164815982838431	1.59459999010305	0
0.218099172118617	-1.61321195446421	-1.31556878568843	-0.0176293820134256	1.59422604548040	0
0.219367540348338	-1.61593260388261	-1.30612486915614	-0.0187873513719341	1.59380802773392	0
0.220336677756312	-1.61864838177515	-1.29685661202784	-0.0199547857719966	1.59334495010553	0
0.221060838447363	-1.62132799961094	-1.28775723146323	-0.0211250121484008	1.59284781426604	0
0.221554074543270	-1.62396430726312	-1.27883162429211	-0.0222952918912009	1.59231989140315	0
0.221792194222172	-1.62657229042071	-1.27009632406326	-0.0234663763877371	1.59175717459713	0
0.221765356097360	-1.62915860825188	-1.26156325897047	-0.0246376093611801	1.59115837795117	0
0.221526907151154	-1.63169450299838	-1.25322293261667	-0.0258028409101421	1.59053405501605	0
0.221089967621933	-1.63417397492238	-1.24507869702887	-0.0269594782120411	1.58988715910184	0
0.220429280850051	-1.63661218455904	-1.23714650893760	-0.0281081258390826	1.58921344637586	0
0.219533816494638	-1.63901638897783	-1.22943748786878	-0.0292481208628005	1.58851133372889	0
0.218455732504997	-1.64135946285109	-1.22194079345728	-0.0303736626576743	1.58779098437057	0
0.217206993700425	-1.64363598943298	-1.21465938050530	-0.0314821856391572	1.58705507576348	0
0.215761136218914	-1.64586103910547	-1.20760953486360	-0.0325740904159405	1.58629915657825	0
0.214105853484206	-1.64804211531393	-1.20080247766203	-0.0336486314210332	1.58552139088385	0
0.212292100039221	-1.65015295959660	-1.19422714467171	-0.0347001744468135	1.58473164219554	0
0.210330692898901	-1.65218829069713	-1.18788698708511	-0.0357260653357576	1.58393237870108	0
0.208194015713699	-1.65416294022876	-1.18179924707632	-0.0367264621904644	1.58311898685389	0
0.205868569889673	-1.65608443036770	-1.17597588999300	-0.0377004832830451	1.58228943324075	0
0.203404230309766	-1.65792673626373	-1.17040653733485	-0.0386424921385799	1.58145337899620	0
0.200810795249853	-1.65968438350902	-1.16509580712635	-0.0395496574090526	1.58061315208137	0
0.198059653393551	-1.66137193239439	-1.16006227505256	-0.0404219001014719	1.57976401930908	0
0.195136288380145	-1.66299681709248	-1.15531905257072	-0.0412581961669328	1.57890380002700	0
0.192089692280274	-1.66453273416753	-1.15085717174743	-0.0420527757595353	1.57804204385753	0
0.188928841594499	-1.66597380184028	-1.14668287844705	-0.0428025950196500	1.57718099883214	0
0.185624346664239	-1.66733439413588	-1.14281621491943	-0.0435074148125237	1.57631584264016	0
0.182160901690199	-1.66862187263890	-1.13927160031330	-0.0441661376431448	1.57544428448292	0
0.178586860740183	-1.66980926159174	-1.13604200753519	-0.0447727956708873	1.57457583999275	0
0.174910624715578	-1.67089017892016	-1.13313553876952	-0.0453241819970323	1.57371272271429	0
0.171102288583471	-1.67187902900710	-1.13057355970297	-0.0458200775909460	1.57285003474725	0
0.167146031383015	-1.67278325267215	-1.12837167989756	-0.0462594867475364	1.57198539493263	0
0.163089860473899	-1.67357494077277	-1.12652509279386	-0.0466362804362566	1.57112834479942	0
0.158941898666432	-1.67424726270264	-1.12504368439899	-0.0469472583191607	1.57028109028587	0
0.154672040121601	-1.67481502967274	-1.12394965077010	-0.0471925366610571	1.56943865202424	0
0.150264276739552	-1.67528607780761	-1.12325931653860	-0.0473715322214252	1.56859855924173	0
0.145766618049364	-1.67563146767430	-1.12297002072272	-0.0474781272194348	1.56777041876999	0
0.141187270241458	-1.67584415393972	-1.12309294814087	-0.0475094468268810	1.56695643544023	0
0.136496306032569	-1.67593992730304	-1.12365017582755	-0.0474664108054455	1.56615152330895	0
0.131677925593475	-1.67592753285824	-1.12465780247539	-0.0473493056990578	1.56535310475890	0
0.126780560532430	-1.67577710814882	-1.12611474370212	-0.0471523491750110	1.56457087000016	0
0.121812938409784	-1.67548184745615	-1.12803245106761	-0.0468734622973064	1.56380700993827	0
0.116745764551154	-1.67505931684336	-1.13043136727207	-0.0465149698079572	1.56305629180378	0
0.111563917553841	-1.67451990064823	-1.13332585652194	-0.0460785996802680	1.56231600102161	0
0.106316744755062	-1.67383315139369	-1.13671521053123	-0.0455593513819830	1.56159591038462	0
0.101014007734440	-1.67299319045238	-1.14060945810557	-0.0449565089522589	1.56089816999014	0
0.0956275642549925	-1.67202036471522	-1.14502527049701	-0.0442744499591153	1.56021735381175	0
0.0901435003527130	-1.67092761577394	-1.14997316673220	-0.0435169263032467	1.55955057682647	0
0.0846126202899358	-1.66968445557735	-1.15545091482548	-0.0426801842991105	1.55890768086303	0
0.0790462710275010	-1.66828679847870	-1.16146476470186	-0.0417653985882353	1.55829074330457	0
0.0734180001172983	-1.66675889086758	-1.16802493578338	-0.0407795231140132	1.55769410437932	0
0.0677156282039592	-1.66511721894989	-1.17513550278379	-0.0397287436885428	1.55711468282545	0
0.0619919285044483	-1.66333188361192	-1.18279020273998	-0.0386108541073389	1.55656237025081	0
0.0562603314013302	-1.66140146964457	-1.19098866641902	-0.0374291967935494	1.55603914298955	0
0.0504965206897212	-1.65935513932464	-1.19973172867818	-0.0361934712548771	1.55553908198193	0
0.0446904519119950	-1.65721374252942	-1.20901426286841	-0.0349123089920214	1.55505889696830	0
0.0388972065195338	-1.65494843223677	-1.21882319018246	-0.0335849679381245	1.55460850599627	0
0.0331325815293779	-1.65256105330636	-1.22914863332775	-0.0322167613942794	1.55418975997258	0
0.0273745759245196	-1.65008626495139	-1.23997938485848	-0.0308197431897174	1.55379646649206	0
0.0216153621449223	-1.64754959030010	-1.25129875266856	-0.0294044302114937	1.55342511732963	0
0.0159122919983617	-1.64492316657694	-1.26308436165994	-0.0279709181524929	1.55308561966444	0
0.0102833807067369	-1.64221201173593	-1.27531455181756	-0.0265256955830592	1.55277966461120	0
0.00470863357476690	-1.63945605225745	-1.28796437210340	-0.0250821574452609	1.55250076244325	0
-0.000818018402175263	-1.63668493254446	-1.30100426066386	-0.0236515677821149	1.55224515570121	0
-0.00623758612207202	-1.63387079955986	-1.31440110616634	-0.0222337028064213	1.55202266954209	0
-0.0115306293401040	-1.63102073856965	-1.32812054408662	-0.0208349132609625	1.55183476608873	0
-0.0167161263700368	-1.62817864653133	-1.34212377298995	-0.0194684714767660	1.55167459194144	0
-0.0217995564162917	-1.62537668437752	-1.35636869579727	-0.0181448991326964	1.55153805537677	0
-0.0263441846382238	-1.62279441540997	-1.36969493169908	-0.0169583858494299	1.55144258479999	0
-0.0307550137029563	-1.62024500197319	-1.38315308100852	-0.0158140348338948	1.55137228042696	0
-0.0350218410168040	-1.61773880884346	-1.39670449602231	-0.0147160939301272	1.55132689003758	0
-0.0391348256086122	-1.61528580984970	-1.41030886478212	-0.0136683129390733	1.55130606840489	0
-0.0430845900667833	-1.61289546544561	-1.42392437273394	-0.0126739019044887	1.55130936867623	0
-0.0468623254332620	-1.61057660396098	-1.43750787871976	-0.0117354967597627	1.55133623342594	0
-0.0504598979431091	-1.60833730961025	-1.45101510339952	-0.0108551331408894	1.55138598546123	0
-0.0538699564046370	-1.60618482051876	-1.46440082798453	-0.0100342290640660	1.55145781846630	0
-0.0570860389341959	-1.60412544014093	-1.47761910099013	-0.00927357704833607	1.55155078757108	0
-0.0601026776911980	-1.60216446547434	-1.49062345059198	-0.00857334613580055	1.55166379993253	0
-0.0629155002036160	-1.60030613540380	-1.50336710010452	-0.00793309412522422	1.55179560541848	0
-0.0655213258320072	-1.59855360232527	-1.51580318409791	-0.00735179019007502	1.55194478748751	0
-0.0679182558913272	-1.59690892988786	-1.52788496273566	-0.00682784789959096	1.55210975436633	0
-0.0701057559358662	-1.59537311924204	-1.53956603205596	-0.00635916850144786	1.55228873063686	0
-0.0720847287142276	-1.59394616558800	-1.55080052813589	-0.00594319415727461	1.55247974936293	0
-0.0738575763209634	-1.59262714607832	-1.56154332337446	-0.00557697064790690	1.55268064490926	0
-0.0754282501111835	-1.59141433924974	-1.57175021350579	-0.00525721888468923	1.55288904663479	0
-0.0768022870068108	-1.59030537515484	-1.58137809440625	-0.00498041437788494	1.55310237367810	0
-0.0779868309101217	-1.58929741425785	-1.59038512828147	-0.00474287362559640	1.55331783109315	0
-0.0789906380532648	-1.58838735198324	-1.59873089939978	-0.00454084619993441	1.55353240763806	0
-0.0798240652518602	-1.58757204460269	-1.60637656015855	-0.00437061112575168	1.55374287556556	0
-0.0804990401956189	-1.58684855096395	-1.61328496890485	-0.00422857597604947	1.55394579280855	0
-0.0810290130968984	-1.58621438346099	-1.61942082154861	-0.00411137695287765	1.55413750799422	0
-0.0814288892259833	-1.58566776067491	-1.62475077956577	-0.00401597808891879	1.55431416875174	0
-0.0817149420857013	-1.58520785334024	-1.62924359744549	-0.00393976759873818	1.55447173379744	0
-0.0819047072142747	-1.58483501476517	-1.63287025294068	-0.00388064933526628	1.55460598928182	0
-0.0820168568512129	-1.58455098660691	-1.63560408358442	-0.00383712727125422	1.55471256986189	0
-0.0820710559560852	-1.58435907101562	-1.63742093278877	-0.00380838093143185	1.55478698491288	0
-0.0820878003359543	-1.58426426063969	-1.63829930840541	-0.00379432975261463	1.55482465021271	0
-0.0820882379191999	-1.58427331884947	-1.63822055586778	-0.00379568444950027	1.55482092531575	0
-0.0820939745192974	-1.58439480378716	-1.63716904693704	-0.00381398361682723	1.55477115667615	0
-0.0821268657719481	-1.58463903147448	-1.63513238364349	-0.00385161400753891	1.55467072638470	0
-0.0822087973132216	-1.58501797517875	-1.63210161528415	-0.00391181319559180	1.55451510614704	0
-0.0823614557032254	-1.58554510050418	-1.62807146437085	-0.00399865366479437	1.55429991585919	0
-0.0826060930914680	-1.58623513817296	-1.62304055532492	-0.00411700776453138	1.55402098583752	0
-0.0829632891586541	-1.58710379909921	-1.61701163762899	-0.00427249343990150	1.55367442144795	0
-0.0834527144330262	-1.58816743902466	-1.60999179325798	-0.00447140117390268	1.55325666857137	0
-0.0840928996281561	-1.58944268253741	-1.60199261673482	-0.00472060316225405	1.55276457806618	0
-0.0849010161258895	-1.59094601857120	-1.59303035532027	-0.00502744635775367	1.55219546717103	0
-0.0857816595318090	-1.59250782018283	-1.58398977029400	-0.00536038441626662	1.55160916522126	0
-0.0868557549541144	-1.59432739399545	-1.57417367234490	-0.00576184927922702	1.55094845875419	0
-0.0881146214347624	-1.59638883344348	-1.56360662938906	-0.00623318983243155	1.55021673707358	0
-0.0895337910502964	-1.59865529298894	-1.55231930304796	-0.00677203021883221	1.54942115592776	0
-0.0911251181919435	-1.60114291915015	-1.54034160106977	-0.00738582877066672	1.54856058809205	0
-0.0929388328290849	-1.60392196472842	-1.52769964309711	-0.00809221431596347	1.54762515867750	0
-0.0949603934983329	-1.60697111374404	-1.51443006887523	-0.00889194844838328	1.54662004342919	0
-0.0971592751311157	-1.61024788121641	-1.50057469159763	-0.00978171440651368	1.54555415039893	0
-0.0995412722266244	-1.61376105361233	-1.48617378734522	-0.0107675708469140	1.54442816809012	0
-0.102150743188830	-1.61757204974645	-1.47126275522344	-0.0118654216514211	1.54323406633682	0
-0.104967363473593	-1.62165250344078	-1.45588650804219	-0.0130741483030963	1.54197863342636	0
-0.107955047264997	-1.62595310521998	-1.44009395698903	-0.0143882443774032	1.54067224284558	0
-0.111114418456610	-1.63047477142365	-1.42393080532825	-0.0158113031220678	1.53931699095884	0
-0.114485101894168	-1.63527050923396	-1.40743604444153	-0.0173567116467851	1.53790618567972	0
-0.118042289390566	-1.64030546930943	-1.39065806544831	-0.0190206296866680	1.53644769764891	0
-0.121745918784173	-1.64552438171129	-1.37364818437126	-0.0207945923162272	1.53495277497515	0
-0.125593214592603	-1.65092191778360	-1.35645241843703	-0.0226792405238324	1.53342426888852	0
-0.129620913731155	-1.65654516799047	-1.33910798758962	-0.0246852944346340	1.53185613362153	0
-0.133801534792700	-1.66235467529330	-1.32166284417054	-0.0268058287577706	1.53025669991835	0
-0.138092943639734	-1.66829110109407	-1.30416707655949	-0.0290291085971207	1.52863746576469	0
-0.142490842448414	-1.67434539357126	-1.28666333786020	-0.0313528134704987	1.52700141233345	0
-0.147030884918895	-1.68056188669685	-1.26918349545717	-0.0337853085384103	1.52534252860569	0
-0.151684559861346	-1.68689857584389	-1.25177277942768	-0.0363165458152961	1.52366909945965	0
-0.156409265575646	-1.69329393542908	-1.23447802097586	-0.0389315083364757	1.52199239608725	0
-0.161200646384732	-1.69973756562505	-1.21733658606133	-0.0416251920755393	1.52031508398719	0
-0.166094603145021	-1.70627386797518	-1.20037328385021	-0.0444041658428346	1.51863077676197	0
-0.171062754862855	-1.71285992496532	-1.18362963488317	-0.0472554269435244	1.51694738926265	0
-0.176063094287051	-1.71943340201026	-1.16714840928958	-0.0501608594911949	1.51527568068649	0
-0.181092111549272	-1.72598434332119	-1.15096101423209	-0.0531132339522445	1.51361775162648	0
-0.186186722732540	-1.73255935872888	-1.13508473374458	-0.0561180254529611	1.51196662704534	0
-0.191319333275506	-1.73911571911379	-1.11955704532160	-0.0591596368471641	1.51032968396465	0
-0.196449071436639	-1.74559110222939	-1.10441650830261	-0.0622172262187640	1.50871704235296	0
-0.201573682227981	-1.75197719028122	-1.08968853480824	-0.0652819722408548	1.50713013978136	0
-0.206731391602915	-1.75832430283735	-1.07538298309762	-0.0683591058041244	1.50556134207159	0
-0.211895644963171	-1.76459056715100	-1.06153316677851	-0.0714310330587518	1.50401742938614	0
-0.217026844295250	-1.77071404932729	-1.04817356163187	-0.0744747881326272	1.50250786422372	0
-0.222124032691519	-1.77668879281963	-1.03532378338358	-0.0774808002290741	1.50103342220943	0
-0.227226699079972	-1.78256984187739	-1.02298650732294	-0.0804550814746817	1.49958582869960	0
-0.232309296167795	-1.78831652335362	-1.01119081821448	-0.0833789023508880	1.49817127926838	0
-0.237333359170540	-1.79386733433194	-0.999967371015859	-0.0862280166340489	1.49679863150473	0
-0.241855554842833	-1.79874944020637	-0.990269167084200	-0.0887479416796395	1.49558600710620	0
-0.246365684425602	-1.80352145244078	-0.981052826516397	-0.0912064756540881	1.49440034025423	0
-0.250806595011486	-1.80809297028342	-0.972348220923392	-0.0935738545727280	1.49325425954274	0
-0.255227476601459	-1.81254024495121	-0.964146279589770	-0.0958641341446510	1.49213698839798	0
-0.259571433328927	-1.81677200057521	-0.956476375293857	-0.0980471726515984	1.49106099970344	0
-0.263887794024494	-1.82086708072481	-0.949326651219523	-0.100138480863041	1.49001536245377	0
-0.268119847850753	-1.82473319622777	-0.942726138368874	-0.102107681147413	1.48901241929280	0
-0.272317000719275	-1.82845185755300	-0.936660167436252	-0.103971927386797	1.48804109943881	0
-0.276422651841750	-1.83192961780316	-0.931157600520213	-0.105700740745619	1.48711364237990	0
-0.280486219233602	-1.83525070713846	-0.926200938939793	-0.107313079719889	1.48621885400078	0
-0.284451135649985	-1.83832037445860	-0.921819061016460	-0.108778486779502	1.48536889895660	0
-0.288366764321599	-1.84122560128639	-0.917991632396063	-0.110117852265384	1.48455247779524	0
-0.292176494835350	-1.84387018903768	-0.914747739059601	-0.111300846471227	1.48378170945055	0
-0.295929568117416	-1.84634388220042	-0.912064214768213	-0.112350378332648	1.48304520835651	0
-0.299569254967131	-1.84854890098168	-0.909970542508242	-0.113236334493742	1.48235507707686	0
-0.303144607203999	-1.85057774584858	-0.908440735869100	-0.113983684604253	1.48169986393533	0
-0.306598703713924	-1.85233093903139	-0.907504851379633	-0.114562602240239	1.48109168405450	0
-0.309976547421273	-1.85390203407194	-0.907134195891768	-0.114999698530282	1.48051966930918	0
-0.313213927821158	-1.85518821649028	-0.907356194357810	-0.115265707877458	1.47999697981035	0
-0.316356622591596	-1.85628760432738	-0.908132482097713	-0.115390885052841	1.47951227814026	0
-0.319348991244780	-1.85710226497670	-0.909485667604249	-0.115348891434743	1.47907707499156	0
-0.322239233718309	-1.85773300628912	-0.911374126845248	-0.115171918228270	1.47867959799382	0
-0.324973755715074	-1.85808261018642	-0.913820892825780	-0.114834611450857	1.47833101432802	0
-0.327599994486426	-1.85825242296412	-0.916782972338122	-0.114370076580739	1.47801972647757	0
-0.330065311623129	-1.85814537259838	-0.920284321421355	-0.113753665660931	1.47775676780808	0
-0.332416067246198	-1.85786301496263	-0.924280914814238	-0.113019073600252	1.47753078124602	0
-0.334600372567796	-1.85730834003422	-0.928797743705608	-0.112142255733738	1.47735271381999	0
-0.336663450026625	-1.85658298789004	-0.933789860859195	-0.111157261207084	1.47721146124416	0
-0.338554014320137	-1.85559001803885	-0.939283204182328	-0.110040598712460	1.47711791332475	0
-0.340316208284767	-1.85443108514938	-0.945232016226655	-0.108826456436898	1.47706121021231	0
-0.341899269859966	-1.85300935399192	-0.951663111411933	-0.107491849459893	1.47705220322098	0
-0.343346326020990	-1.85142644206460	-0.958530004918958	-0.106070910307252	1.47708026530802	0
-0.344607048774254	-1.84958567829406	-0.965860243759463	-0.104541131620914	1.47715622642934	0
-0.345723624666181	-1.84758861660626	-0.973606654807710	-0.102936421959254	1.47726967605949	0
-0.346646076896651	-1.84533883157444	-0.981797316509136	-0.101234737100907	1.47743143666121	0
-0.347415744247143	-1.84293781098299	-0.990384372341310	-0.0994696179817708	1.47763129291164	0
-0.347982928233822	-1.84028947602849	-0.999396183882928	-0.0976194794875614	1.47788007023855	0
-0.348388231436567	-1.83749526687468	-1.00878418894835	-0.0957173734653922	1.47816772227104	0
-0.348582173579229	-1.83445956841200	-1.01857674610990	-0.0937421760592639	1.47850508434173	0
-0.348604753089092	-1.83128380979266	-1.02872454494203	-0.0917263478253396	1.47888224785890	0
-0.348406663561424	-1.82787296919935	-1.03925562655452	-0.0896492303552387	1.47931006124565	0
-0.348027453676444	-1.82432851625929	-1.05011987651408	-0.0875426069440331	1.47977871748328	0
-0.347417965680700	-1.82055616079998	-1.06134468557597	-0.0853862871099282	1.48029907714496	0
-0.346617477402492	-1.81665747583591	-1.07287907374181	-0.0832113043188367	1.48086139331492	0
-0.345576977292304	-1.81253904590696	-1.08474944036040	-0.0809979336767382	1.48147653315186	0
-0.344335678006943	-1.80830261800353	-1.09690388019650	-0.0787763972501914	1.48213476278068	0
-0.342844738417798	-1.80385579478208	-1.10936746268628	-0.0765274262688290	1.48284694515434	0
-0.341143540778136	-1.79930057134888	-1.12208730752178	-0.0742803789834923	1.48360330639398	0
-0.338968426311207	-1.79405021158444	-1.13640615052256	-0.0717869550005583	1.48449995408331	0
-0.336525935705257	-1.78867733338477	-1.15099648663615	-0.0693070275918307	1.48545171751396	0
-0.333794122970963	-1.78315552971826	-1.16585252205936	-0.0668379376764899	1.48646303478950	0
-0.330740317578446	-1.77743530173538	-1.18097441876384	-0.0643719399874760	1.48754084931576	0
-0.327365503288042	-1.77153749484751	-1.19633244590496	-0.0619179472230160	1.48868427985561	0
-0.323705429535332	-1.76555426814812	-1.21186761778271	-0.0595005841415632	1.48988429736294	0
-0.319740355855075	-1.75946249742663	-1.22756853854183	-0.0571168956868545	1.49114486800232	0
-0.315440024251536	-1.75321640183797	-1.24342903586961	-0.0547590879868011	1.49247243424563	0
-0.310808839781225	-1.74683958267371	-1.25941465245659	-0.0524348035577591	1.49386539761448	0
-0.305887364519425	-1.74042595451546	-1.27546373903066	-0.0501662724097017	1.49531370131092	0
-0.300659919696981	-1.73395601249302	-1.29155885565840	-0.0479500350871420	1.49682043063642	0
-0.295100549996898	-1.72738786004548	-1.30768729845662	-0.0457779762266872	1.49839111960069	0
-0.289219299715533	-1.72074777351543	-1.32381046035074	-0.0436562726949255	1.50002297674237	0
-0.283063970481056	-1.71413112408110	-1.33986529859804	-0.0416046985503782	1.50170439238284	0
-0.276625252834143	-1.70752179836553	-1.35582893904253	-0.0396191011464911	1.50343707955403	0
-0.269883797766749	-1.70088131051580	-1.37168312151527	-0.0376908024543214	1.50522518512189	0
-0.262857724473670	-1.69423787808499	-1.38738678799410	-0.0358244112504275	1.50706421475626	0
-0.255604461806843	-1.68768738195043	-1.40287777128857	-0.0340373215526335	1.50894049624735	0
-0.248123464027169	-1.68121609713799	-1.41812966114282	-0.0323245685459059	1.51085388408157	0
-0.240404271721060	-1.67478765646965	-1.43312097086747	-0.0306767574861601	1.51280669195276	0
-0.232475160374376	-1.66843069817907	-1.44781109276383	-0.0290969552434524	1.51479231263899	0
-0.224404834031784	-1.66223993599033	-1.46214198452299	-0.0276004003533824	1.51679468143129	0
-0.216203261537310	-1.65620219462280	-1.47608689950329	-0.0261813014219213	1.51881148769061	0
-0.207870330809160	-1.65028113647890	-1.48962471729242	-0.0248295156393077	1.52084298892709	0
-0.199445267167641	-1.64450362483230	-1.50271915937780	-0.0235467348724806	1.52288037297016	0
-0.191007940410470	-1.63896100417343	-1.51532019534140	-0.0223464038885301	1.52490527043248	0
-0.182578914216985	-1.63363826963174	-1.52740484172528	-0.0212220131299510	1.52691331517013	0
-0.174168014790933	-1.62849665549386	-1.53895664299048	-0.0201627817512619	1.52890294147760	0
-0.165823865617266	-1.62355893180146	-1.54994779723290	-0.0191693329123030	1.53086359006245	0
-0.157634650981356	-1.61891101072500	-1.56033998687405	-0.0182537990917071	1.53277530486337	0
-0.149629035630194	-1.61453393783676	-1.57011802249378	-0.0174091992292660	1.53463236822954	0
-0.141823729299708	-1.61038461129981	-1.57927400543695	-0.0166243799897626	1.53643221630323	0
-0.134272274777627	-1.60648025732266	-1.58779182735490	-0.0158993390196157	1.53816363430294	0
-0.127065308035745	-1.60290045742898	-1.59564717228346	-0.0152454850829122	1.53980643564441	0
-0.120234403759604	-1.59962152852736	-1.60283527671188	-0.0146557581984314	1.54135480134196	0
-0.113797550778094	-1.59659571485667	-1.60935897052742	-0.0141190483428111	1.54280647655007	0
-0.107806263162498	-1.59383503845534	-1.61521493332548	-0.0136352809735361	1.54415112528102	0
-0.102345682228745	-1.59141377775779	-1.62039270787744	-0.0132157961097119	1.54537003392230	0
-0.0974432869330546	-1.58930467250027	-1.62489828535533	-0.0128539423913338	1.54645878380477	0
-0.0931111301369804	-1.58745688061830	-1.62874506726477	-0.0125391355930456	1.54741691593174	0
-0.0893905463866355	-1.58587930750959	-1.63194124658688	-0.0122717794747505	1.54823659805055	0
-0.0863528564287778	-1.58464349610664	-1.63448774601292	-0.0120637325598509	1.54890222315347	0
-0.0840137487290017	-1.58372093583403	-1.63639976600699	-0.0119091596095342	1.54941223951669	0
-0.0823713507212003	-1.58305998372037	-1.63769966979126	-0.0117983349464611	1.54976945178196	0
-0.0814486894046559	-1.58266877797122	-1.63840468318657	-0.0117324542319977	1.54997000788140	0
-0.0812962115624921	-1.58261848150558	-1.63852363201987	-0.0117241702292066	1.55000268386602	0
-0.0819102966597470	-1.58288085856478	-1.63807898173139	-0.0117685154636137	1.54987011295497	0
-0.0832674757725979	-1.58340442048814	-1.63710046963387	-0.0118565327073658	1.54957967846474	0
-0.0853666193501872	-1.58419725840848	-1.63561177615345	-0.0119900589949925	1.54913249143197	0
-0.0882340755255095	-1.58533059169135	-1.63362599063531	-0.0121823253242956	1.54852222689669	0
-0.0918424578689052	-1.58677580776974	-1.63117098073103	-0.0124287890686824	1.54775639942952	0
-0.0961434573721163	-1.58848027440238	-1.62828237691640	-0.0127206848460649	1.54684742270515	0
-0.101112365294630	-1.59045065292520	-1.62498757052755	-0.0130598995040584	1.54580112522163	0
-0.106754535618330	-1.59275657733436	-1.62130030959889	-0.0134596199252961	1.54461539047673	0
-0.113021114884897	-1.59536664636019	-1.61725209387800	-0.0139149573311161	1.54330201498927	0
-0.119843657373035	-1.59822446315588	-1.61288294468692	-0.0144165274834747	1.54187737462265	0
-0.127181404817656	-1.60133281370241	-1.60822156832796	-0.0149655145025297	1.54035043787415	0
-0.135026712541652	-1.60475734610584	-1.60327970522827	-0.0155743595738736	1.53872165099017	0
-0.143317463226761	-1.60846126598085	-1.59809141253722	-0.0162370790334187	1.53700534730367	0
-0.151974937398935	-1.61238203867094	-1.59270021167183	-0.0169429688100021	1.53521978904969	0
-0.160952500895722	-1.61651673736637	-1.58713470800026	-0.0176919511041855	1.53337496479089	0
-0.170238735877060	-1.62092572892503	-1.58140301397802	-0.0184953128142633	1.53147194572461	0
-0.179768532932374	-1.62556581489749	-1.57554093372494	-0.0193455963058491	1.52952542040446	0
-0.189463677585614	-1.63036792699545	-1.56959451375931	-0.0202305207481956	1.52755325180552	0
-0.199281145720156	-1.63532381414087	-1.56359083329487	-0.0211486872871053	1.52556442755150	0
-0.209213766234932	-1.64048968099597	-1.55753269315292	-0.0221103571625556	1.52355891202581	0
-0.219202402908638	-1.64581737138955	-1.55145621173500	-0.0231067622450637	1.52154983441865	0
-0.229177799678140	-1.65123329883715	-1.54540826690051	-0.0241243321820956	1.51955286487339	0
-0.239106960191092	-1.65672645661510	-1.53941253927325	-0.0251607956357236	1.51757462194121	0
-0.248991799960986	-1.66235188729046	-1.53346460678682	-0.0262259666006178	1.51561292334348	0
-0.258784394269244	-1.66805947246089	-1.52759904786023	-0.0273103251096781	1.51367825797197	0
-0.268428678405301	-1.67377431054483	-1.52186158977396	-0.0283996350300992	1.51178325663669	0
-0.277903963717803	-1.67948592451783	-1.51627071928181	-0.0294914432093123	1.50993173220456	0
-0.287222313003179	-1.68525147205544	-1.51081325189054	-0.0305958393882968	1.50811917552666	0
-0.296348171707963	-1.69102184892009	-1.50552063295635	-0.0317032083225834	1.50635327789442	0
-0.306039710051902	-1.69724826395123	-1.49997955003793	-0.0329001719761144	1.50448995270800	0
-0.315452810531047	-1.70341647548627	-1.49468569197286	-0.0340873095111534	1.50269180151315	0
-0.324571564537662	-1.70950603223064	-1.48965748976140	-0.0352600399043560	1.50096152667473	0
-0.333383261681525	-1.71549796213366	-1.48491125738245	-0.0364140627464435	1.49930114497060	0
-0.341878110620410	-1.72137483758155	-1.48046120132931	-0.0375453859846353	1.49771205493469	0
-0.350048958903183	-1.72712081248323	-1.47631944889306	-0.0386503472241101	1.49619510350475	0
-0.357891017700838	-1.73272163413870	-1.47249609355102	-0.0397256288468462	1.49475065067175	0
-0.365401595933508	-1.73816463289883	-1.46899925570784	-0.0407682672904900	1.49337863115994	0
-0.372579847093759	-1.74343869262632	-1.46583515696876	-0.0417756568943422	1.49207861245680	0
-0.379426531033214	-1.74853420488273	-1.46300820609073	-0.0427455487676537	1.49084984875703	0
-0.385943792120206	-1.75344300962139	-1.46052109475091	-0.0436760451698180	1.48969133058559	0
-0.392134954481365	-1.75815832498254	-1.45837490129055	-0.0445655899147171	1.48860183002392	0
-0.398004334496106	-1.76267466858291	-1.45656920063152	-0.0454129553241043	1.48757994158588	0
-0.403557070295454	-1.76698777247357	-1.45510217862391	-0.0462172262575706	1.48662411888043	0
-0.408798967712025	-1.77109449372171	-1.45397074916216	-0.0469777817409772	1.48573270726208	0
-0.413736361912220	-1.77499272235394	-1.45317067250459	-0.0476942747011523	1.48490397271233	0
-0.418375993800252	-1.77868128818885	-1.45269667334423	-0.0483666102932432	1.48413612722047	0
-0.422724900199384	-1.78215986788440	-1.45254255730475	-0.0489949232790178	1.48342735094399	0
-0.426790316776741	-1.78542889333500	-1.45270132467250	-0.0495795548806949	1.48277581143031	0
-0.430579592671865	-1.78848946237340	-1.45316528031969	-0.0501210294964858	1.48217968017633	0
-0.434100115809040	-1.79134325256645	-1.45392613892195	-0.0506200316224490	1.48163714679130	0
-0.437359247909066	-1.79399243873936	-1.45497512472281	-0.0510773832812773	1.48114643101424	0
-0.440364268265171	-1.79643961472335	-1.45630306524440	-0.0514940222139497	1.48070579282100	0
-0.443122325402982	-1.79868771969447	-1.45790047848518	-0.0518709810455609	1.48031354083850	0
-0.445640395804439	-1.80073996935782	-1.45975765327925	-0.0522093675933495	1.47996803926574	0
-0.447925248937090	-1.80259979213184	-1.46186472261626	-0.0525103464438655	1.47966771348375	0
-0.449983417891182	-1.80427077039979	-1.46421172983295	-0.0527751218879465	1.47941105451930	0
-0.451821174986991	-1.80575658682142	-1.46678868768831	-0.0530049222674750	1.47919662251103	0
-0.453444511772330	-1.80706097563535	-1.46958563042074	-0.0532009857569772	1.47902304931110	0
-0.454859122884905	-1.80818767883131	-1.47259265895959	-0.0533645475763028	1.47888904034120	0
-0.456070393306063	-1.80914040703157	-1.47579997952415	-0.0534968286079645	1.47879337580855	0
-0.457083388580934	-1.80992280488945	-1.47919793589055	-0.0535990253741018	1.47873491137475	0
-0.457902847625433	-1.81053842079178	-1.48277703564343	-0.0536723013133412	1.47871257835971	0
-0.458533177782900	-1.81099068063792	-1.48652797075378	-0.0537177792867760	1.47872538355194	0
-0.458978451832615	-1.81128286546158	-1.49044163283977	-0.0537365352345865	1.47877240868729	0
-0.459242406689075	-1.81141809266131	-1.49450912347346	-0.0537295929000872	1.47885280964962	0
-0.459328443582327	-1.81139930065469	-1.49872176101456	-0.0536979195366612	1.47896581546842	0
-0.459239628341290	-1.81122923509592	-1.50307110443390	-0.0536424221208237	1.47911072794872	0
-0.458978691230303	-1.81091043771827	-1.50754893058670	-0.0535639446359822	1.47928692010213	0
-0.458548032680358	-1.81044524226136	-1.51214720836352	-0.0534632667453417	1.47949383366792	0
-0.457949729199810	-1.80983577161935	-1.51685810028666	-0.0533411026879028	1.47973097754801	0
-0.457185538728202	-1.80908393645647	-1.52167395411151	-0.0531981006621777	1.47999792613720	0
-0.456256906431395	-1.80819143599023	-1.52658728901136	-0.0530348427348583	1.48029431751865	0
-0.455164971114475	-1.80715976095047	-1.53159077854260	-0.0528518452221761	1.48061985155425	0
-0.453910572268945	-1.80599019865458	-1.53667723115068	-0.0526495594953919	1.48097428788060	0
-0.452494257753070	-1.80468384013060	-1.54183956857992	-0.0524283731668783	1.48135744381180	0
-0.450916292118214	-1.80324158924157	-1.54707080242005	-0.0521886116213215	1.48176919214396	0
-0.449176665610725	-1.80166417378388	-1.55236400897666	-0.0519305398637533	1.48220945885178	0
-0.447275103895480	-1.79995215855121	-1.55771230263228	-0.0516543646630826	1.48267822066404	0
-0.445211078562432	-1.79810596037189	-1.56310880785387	-0.0513602369763260	1.48317550250153	0
-0.442983818492099	-1.79612586514186	-1.56854662999670	-0.0510482546449826	1.48370137475793	0
-0.440592322169350	-1.79401204688703	-1.57401882505340	-0.0507184653608614	1.48425595040144	0
-0.438035371047650	-1.79176458889776	-1.57951836849972	-0.0503708699041575	1.48483938187218	0
-0.435311544078174	-1.78938350698448	-1.58503812339484	-0.0500054256617079	1.48545185774796	0
-0.432419233528943	-1.78686877490546	-1.59057080790636	-0.0496220504379717	1.48609359914855	0
-0.429356662230191	-1.78422035201723	-1.59610896244432	-0.0492206265755689	1.48676485584668	0
-0.426121902391456	-1.78143821319272	-1.60164491660945	-0.0488010054059104	1.48746590205174	0
-0.422712896144928	-1.77852238104273	-1.60717075618532	-0.0483630120536653	1.48819703183047	0
-0.419127477978166	-1.77547296046262	-1.61267829043195	-0.0479064506215132	1.48895855412766	0
-0.415363399226149	-1.77229017550676	-1.61815901997336	-0.0474311097835514	1.48975078734826	0
-0.411418354799875	-1.76897440856912	-1.62360410560799	-0.0469367688171012	1.49057405346162	0
-0.407290012334335	-1.76552624181862	-1.62900433841421	-0.0464232041030854	1.49142867158824	0
-0.402976043943953	-1.76194650080186	-1.63435011156911	-0.0458901961247442	1.49231495102879	0
-0.398474160778349	-1.75823630008491	-1.63963139434952	-0.0453375369930009	1.49323318369623	0
-0.393782150574248	-1.75439709075669	-1.64483770883969	-0.0447650385240373	1.49418363591234	0
-0.388897918403121	-1.75043070956333	-1.64995810992814	-0.0441725408906957	1.49516653953222	0
-0.383819530814818	-1.74633942938072	-1.65498116924033	-0.0435599218635674	1.49618208236248	0
-0.378545263578970	-1.74212601066576	-1.65989496371969	-0.0429271066503188	1.49723039784288	0
-0.373073653224796	-1.73779375345208	-1.66468706964083	-0.0422740783323364	1.49831155396551	0
-0.367403552576928	-1.73334654937527	-1.66934456291345	-0.0416008888860048	1.49942554141221	0
-0.361534190479621	-1.72878893312519	-1.67385402661361	-0.0409076707616693	1.50057226089855	0
-0.355465235893041	-1.72412613262986	-1.67820156676114	-0.0401946489761961	1.50175150972254	0
-0.349196866530905	-1.71936411717516	-1.68237283744769	-0.0394621536546538	1.50296296752851	0
-0.342729842188759	-1.71450964256016	-1.68635307650833	-0.0387106329328928	1.50420618131151	0
-0.336065582882823	-1.70957029227773	-1.69012715302015	-0.0379406661052101	1.50548054970584	0
-0.329206251878436	-1.70455451359680	-1.69367962800326	-0.0371529768696904	1.50678530662332	0
-0.322154843629830	-1.69947164730532	-1.69699482979003	-0.0363484464878097	1.50811950433381	0
-0.314915276576812	-1.69433194975653	-1.70005694561405	-0.0355281266345867	1.50948199611209	0
-0.307492490641024	-1.68914660574469	-1.70285013104680	-0.0346932516705985	1.51087141861310	0
-0.299892549128448	-1.68392773062521	-1.70535863897019	-0.0338452500177470	1.51228617418259	0
-0.292122744570575	-1.67868835999317	-1.70756696980584	-0.0329857542673005	1.51372441336190	0
-0.284191707811046	-1.67344242514764	-1.70946004471618	-0.0321166095917267	1.51518401790656	0
-0.276109519363394	-1.66820471250819	-1.71102340342759	-0.0312398799727792	1.51666258470691	0
-0.267887821714982	-1.66299080512293	-1.71224342818168	-0.0303578516986035	1.51815741107677	0
-0.259539930829568	-1.65781700443176	-1.71310759506656	-0.0294730335255060	1.51966548196093	0
-0.251080944594080	-1.65270023053827	-1.71360475358404	-0.0285881528486822	1.52118345970390	0
-0.242527845368701	-1.64765789942533	-1.71372543472919	-0.0277061471865313	1.52270767711620	0
-0.233899593131395	-1.64270777584386	-1.71346218705409	-0.0268301502614241	1.52423413466773	0
-0.225217204978093	-1.63786780104470	-1.71280993911154	-0.0259634719653163	1.52575850272191	0
-0.216503815967341	-1.63315589513628	-1.71176638528693	-0.0251095715414876	1.52727612979169	0
-0.207784715526336	-1.62858973466617	-1.71033239029301	-0.0242720234065676	1.52878205783734	0
-0.199087352919523	-1.62418650706508	-1.70851240551006	-0.0234544751933126	1.53027104562197	0
-0.190441304696350	-1.61996264486800	-1.70631488791529	-0.0226605978277675	1.53173760107901	0
-0.181878196670609	-1.61593354413007	-1.70375270961380	-0.0218940277761840	1.53317602351052	0
-0.173431572949073	-1.61211327315133	-1.70084354306418	-0.0211583020153914	1.53458045621039	0
-0.165136704931021	-1.60851427944423	-1.69761020415147	-0.0204567867956822	1.53594494978190	0
-0.157030334151311	-1.60514710471115	-1.69408093253384	-0.0197926018677271	1.53726353598861	0
-0.149150344430108	-1.60202011929477	-1.69028958647847	-0.0191685425106294	1.53853031144628	0
-0.141535361081590	-1.59913928893243	-1.68627572806823	-0.0185870023860817	1.53973952984673	0
-0.134224277929229	-1.59650798746724	-1.68208457459808	-0.0180499008939763	1.54088570073284	0
-0.127255716528000	-1.59412686922127	-1.67776679358747	-0.0175586192413215	1.54196369216132	0
-0.121197764065786	-1.59215538158236	-1.67374751240913	-0.0171480392207289	1.54288886186245	0
-0.115472738752669	-1.59036221045425	-1.66972399756758	-0.0167721799988072	1.54375346463203	0
-0.110145284805627	-1.58881343987305	-1.66572041583435	-0.0164431710749455	1.54454462294371	0
-0.105226051499089	-1.58747316370457	-1.66179798853396	-0.0161553453514793	1.54526392212337	0
-0.100708791469805	-1.58628092809583	-1.65802719300243	-0.0158985491808720	1.54591721010655	0
-0.0966164319383762	-1.58523526399628	-1.65445807898218	-0.0156727310241352	1.54650238106148	0
-0.0930044152346918	-1.58439668900822	-1.65111714441319	-0.0154885780199108	1.54700847343657	0
-0.0898711827966342	-1.58372453931285	-1.64806698412808	-0.0153389976919922	1.54743959451771	0
-0.0871966812061322	-1.58315487460972	-1.64537668351260	-0.0152126653735413	1.54780424214742	0
-0.0849894860820364	-1.58268413335223	-1.64308928554846	-0.0151087541060164	1.54810269544061	0
-0.0832909714724082	-1.58237217575508	-1.64121896076152	-0.0150375803019220	1.54832601621217	0
-0.0820834586034359	-1.58217862859957	-1.63981643067895	-0.0149918744978266	1.54848075172477	0
-0.0813302562455123	-1.58204126126718	-1.63893618996023	-0.0149605306172640	1.54857774236019	0
-0.0810242761700155	-1.58195964253211	-1.63860134836978	-0.0149433839578765	1.54861911014674	0
-0.0811926810307944	-1.58199782744776	-1.63880247859504	-0.0149517385892644	1.54859730078790	0
-0.0818025320622416	-1.58212007827051	-1.63956905339055	-0.0149794769215682	1.54852052182597	0
-0.0828025448171540	-1.58226953771240	-1.64093272729413	-0.0150169073027661	1.54840102958336	0
-0.0841733329609388	-1.58245172776195	-1.64289107058098	-0.0150654594586968	1.54824181120288	0
-0.0859317693478850	-1.58273678678852	-1.64540873370037	-0.0151380304772162	1.54803582835198	0
-0.0880340636432048	-1.58309470285841	-1.64849200718217	-0.0152300807729326	1.54779199751129	0
-0.0904194689368697	-1.58347407819127	-1.65214916451828	-0.0153334653746815	1.54752301254044	0
-0.0930618323734496	-1.58388549746615	-1.65635505201548	-0.0154509731120669	1.54723189391627	0
-0.0959729702117054	-1.58440353528317	-1.66105377535564	-0.0155965388918783	1.54691150353418	0
-0.0991038911162982	-1.58500171519270	-1.66623280100468	-0.0157665205119774	1.54657072260991	0
-0.102390472855808	-1.58563122364621	-1.67188288019532	-0.0159534286189216	1.54622195575882	0
-0.106144245017308	-1.58640589482781	-1.67852129120951	-0.0161867018972340	1.54582939790397	0
-0.110029033323147	-1.58726820642354	-1.68561372145698	-0.0164509210552410	1.54543031986246	0
-0.114004734527127	-1.58822171928661	-1.69311126083909	-0.0167475556842885	1.54502941754492	0
-0.118032826217448	-1.58926922603832	-1.70096397383446	-0.0170777346535828	1.54463109728036	0
-0.122076746444512	-1.59041253825672	-1.70912180079255	-0.0174421880589422	1.54423945522318	0
-0.126102210011921	-1.59165233074245	-1.71753537738350	-0.0178412102331797	1.54385826219406	0
-0.130077456500716	-1.59298804374595	-1.72615675383064	-0.0182746433359486	1.54349095409456	0
-0.133973428296808	-1.59441784092895	-1.73494000167850	-0.0187418798892786	1.54314062784233	0
-0.137763880007605	-1.59593861826470	-1.74384170212120	-0.0192418817628768	1.54281004257175	0
-0.141425423398980	-1.59754605717984	-1.75282131578339	-0.0197732125659335	1.54250162565847	0
-0.144937514166198	-1.59923471404707	-1.76184143889903	-0.0203340801586192	1.54221748297688	0
-0.148282388379958	-1.60099813762185	-1.77086795482588	-0.0209223860179268	1.54195941269647	0
-0.151444957309806	-1.60282900609069	-1.77987009266337	-0.0215357784226083	1.54172892187060	0
-0.154412669576280	-1.60471927594131	-1.78882040643233	-0.0221717067972699	1.54152724506554	0
-0.157175349317791	-1.60666033573744	-1.79769468894145	-0.0228274750141671	1.54135536431364	0
-0.159725018400158	-1.60864315895076	-1.80647183428304	-0.0235002919391164	1.54121402974056	0
-0.162055709771362	-1.61065845115039	-1.81513366206640	-0.0241873179823356	1.54110378030388	0
-0.164163277990498	-1.61269678798185	-1.82366471521604	-0.0248857068461682	1.54102496417844	0
-0.166045211838876	-1.61474874141613	-1.83205204161727	-0.0255926420316596	1.54097775842360	0
-0.167700452831412	-1.61680499267122	-1.84028496824027	-0.0263053679669432	1.54096218766337	0
-0.169129222443255	-1.61885643098346	-1.84835487473428	-0.0270212158523606	1.54097814159626	0
-0.170426916256613	-1.62107048204138	-1.85690234991790	-0.0277984180630349	1.54102970287136	0
-0.171445108026844	-1.62322124971251	-1.86526010272181	-0.0285674999294394	1.54112256450546	0
-0.172214361580391	-1.62535185185851	-1.87340034753572	-0.0293338697603235	1.54124892350881	0
-0.172754615262909	-1.62748314625950	-1.88130609242566	-0.0300994406929718	1.54140399037645	0
-0.173035514127796	-1.62953215784467	-1.88900938678380	-0.0308502912686863	1.54159705793907	0
-0.173058958660894	-1.63148115348662	-1.89651423068987	-0.0315827001150229	1.54182859013523	0
-0.172857444377521	-1.63337628407818	-1.90379708863696	-0.0323027714770309	1.54209056026332	0
-0.172452877773576	-1.63524154128074	-1.91084501381687	-0.0330132121222541	1.54237792811487	0
-0.171817767085617	-1.63699650466550	-1.91769471967842	-0.0337010601032428	1.54269965702876	0
-0.170955471438110	-1.63862630190803	-1.92435321876203	-0.0343633941203918	1.54305603153111	0
-0.169898849887862	-1.64018016484794	-1.93079841159071	-0.0350069729151406	1.54343892844985	0
-0.168670279773107	-1.64168506977868	-1.93701885949460	-0.0356352049480322	1.54384319545008	0
-0.167243437394090	-1.64306297951891	-1.94305356474870	-0.0362359463453335	1.54427767017799	0
-0.165621923507154	-1.64430155673464	-1.94891056884936	-0.0368069304525765	1.54474258338941	0
-0.163838193935854	-1.64545262355173	-1.95456767239093	-0.0373554241445749	1.54522977395793	0
-0.161914332058895	-1.64654555520702	-1.96001355476247	-0.0378853660866412	1.54573405089062	0
-0.159824159392805	-1.64750419967339	-1.96528808731826	-0.0383852324918127	1.54626426092023	0
-0.157570886711525	-1.64831816135495	-1.97039925739291	-0.0388532286572975	1.54682065168061	0
-0.155186285701894	-1.64904116186250	-1.97532405759969	-0.0392969640099874	1.54739504259819	0
-0.152691830659026	-1.64970426195741	-1.98005061975018	-0.0397207307088722	1.54798223707191	0
-0.150060900270467	-1.65023262374628	-1.98461884916016	-0.0401134309157476	1.54859117713946	0
-0.147296042083132	-1.65061716345822	-1.98903612944531	-0.0404735717838463	1.54922216199075	0
-0.144428340320571	-1.65091281565798	-1.99327840531427	-0.0408089600136324	1.54986698647152	0
-0.141478609031949	-1.65115166151368	-1.99733299893701	-0.0411240917243471	1.55052045554002	0
-0.138419476458704	-1.65125967256363	-2.00123933378077	-0.0414081301093087	1.55119165657615	0
-0.135252770006919	-1.65122853249812	-2.00500392274810	-0.0416597461538477	1.55188094995494	0
-0.132009025113844	-1.65111380882827	-2.00860166809804	-0.0418868332958811	1.55258008832636	0
-0.128708481071756	-1.65094806722369	-2.01201903128602	-0.0420939798259354	1.55328387083936	0
-0.125322887458597	-1.65065770744888	-2.01529459431077	-0.0422704807718951	1.55400155282083	0
-0.121853424325482	-1.65023476755442	-2.01843385862448	-0.0424150680209499	1.55473354704972	0
-0.118330332264035	-1.64973501662169	-2.02141074382106	-0.0425356442683347	1.55547152875962	0
-0.114773490385336	-1.64919112622233	-2.02421083744946	-0.0426368121186615	1.55621026201042	0
-0.111153779112606	-1.64852968775931	-2.02687158362870	-0.0427079047891820	1.55695916707934	0
-0.107471890459029	-1.64774283349724	-2.02939738292924	-0.0427476476030173	1.55771868451970	0
-0.103758032682176	-1.64688625096076	-2.03176129874887	-0.0427639099037998	1.55848037685496	0
-0.100031940898235	-1.64599248357754	-2.03394809525591	-0.0427612652406186	1.55923894390459	0
-0.0962637095729987	-1.64498821301474	-2.03599380397518	-0.0427290234304956	1.56000395078662	0
-0.0924537453784682	-1.64386553539827	-2.03790163407804	-0.0426658641973624	1.56077583033913	0
-0.0886325107629815	-1.64267990502723	-2.03964388783050	-0.0425796064771921	1.56154598997361	0
-0.0848198476884180	-1.64146363444270	-2.04120452422003	-0.0424747772880030	1.56230902617765	0
-0.0809852123135266	-1.64014351460652	-2.04261787466246	-0.0423406289531742	1.56307461136475	0
-0.0771289594106860	-1.63871159620091	-2.04388584526287	-0.0421757824782732	1.56384312492691	0
-0.0732820953535239	-1.63722307037244	-2.04498004073567	-0.0419880135951980	1.56460577255507	0
-0.0694648279511465	-1.63571003415659	-2.04588360495409	-0.0417818097856644	1.56535700262023	0
-0.0656461650591338	-1.63409951824557	-2.04662886487545	-0.0415463582645188	1.56610654290269	0
-0.0618266597175012	-1.63238363236532	-2.04721628573986	-0.0412802334389677	1.56685466502676	0
-0.0580381460899702	-1.63061739014181	-2.04761680571165	-0.0409911991800231	1.56759232319888	0
-0.0543014549561909	-1.62883280139513	-2.04781271551159	-0.0406837352016888	1.56831376851144	0
-0.0505853619381987	-1.62695737795751	-2.04783401997402	-0.0403469841210850	1.56902872013744	0
-0.0468908726195654	-1.62498350840175	-2.04767958646162	-0.0399795134946813	1.56973728092526	0
-0.0432509172935454	-1.62296623279294	-2.04731969652067	-0.0395891338658767	1.57043010239956	0
-0.0396871934009263	-1.62093771858132	-2.04673573448989	-0.0391803772000541	1.57110118701176	0
-0.0361684660242667	-1.61882631813332	-2.04595507128631	-0.0387423949383927	1.57176017311289	0
-0.0326964334463161	-1.61662504206149	-2.04497482392680	-0.0382738206121340	1.57240693085450	0
-0.0293053585230335	-1.61438928740560	-2.04376463517052	-0.0377826030792926	1.57303176037417	0
-0.0260180163964859	-1.61215174812547	-2.04230494643153	-0.0372734209446832	1.57362836662444	0
-0.0228033566193681	-1.60984210161643	-2.04062023336401	-0.0367355279612664	1.57420623418569	0
-0.0196639646706449	-1.60745445294493	-2.03870576593673	-0.0361677369789962	1.57476494168867	0
-0.0166356098768539	-1.60504501657649	-2.03653063184875	-0.0355782673020554	1.57529440026532	0
-0.0137422886883561	-1.60264750489926	-2.03407437414590	-0.0349720799754576	1.57578798098084	0
-0.0109532488214544	-1.60019352130779	-2.03135845058489	-0.0343386718863423	1.57625495577462	0
-0.00827205632793293	-1.59767885254516	-2.02837634182761	-0.0336771957641948	1.57669457410358	0
-0.00573604285175792	-1.59516109894962	-2.02509683858633	-0.0329963195373016	1.57709634884251	0
-0.00337044036576503	-1.59267557389205	-2.02149883276920	-0.0323014680784066	1.57745331292896	0
-0.00114473510884113	-1.59015647151056	-2.01760094301716	-0.0315825720573218	1.57777450860341	0
0.000936629176296784	-1.58760189609841	-2.01339525259821	-0.0308393321132352	1.57805886978739	0
0.00283491755943382	-1.58507142827937	-2.00885088177349	-0.0300810860785176	1.57829556242347	0
0.00452388517981009	-1.58260255346351	-2.00394673997168	-0.0293139433357561	1.57847734550659	0
0.00603419154495621	-1.58013264253185	-1.99869937096437	-0.0285284969052896	1.57861310507503	0
0.00736097245856578	-1.57766263403723	-1.99310049760814	-0.0277252335676930	1.57870157707702	0
0.00846462604003084	-1.57525451320710	-1.98712089411564	-0.0269144011823748	1.57873174808041	0
0.00931853427229572	-1.57294826721321	-1.98074094796910	-0.0261030223107201	1.57869629774110	0
0.00995444924875173	-1.57068465303001	-1.97397694072330	-0.0252825745850522	1.57860419890871	0
0.0103681468502744	-1.56846750237195	-1.96682241487211	-0.0244545441245676	1.57845429497531	0
0.0105113593140121	-1.56653035400382	-1.95984573441105	-0.0236953112229752	1.57825319754267	0
0.0104332309995176	-1.56468451105718	-1.95251499633957	-0.0229398467515172	1.57799408701622	0
0.0101275330099330	-1.56294103509550	-1.94482648026545	-0.0221910836720317	1.57767529021265	0
0.00958865064211372	-1.56131120520059	-1.93677786989164	-0.0214521410508848	1.57729531222951	0
0.00881171483511108	-1.55980640948977	-1.92836851129528	-0.0207263125038528	1.57685287703756	0
0.00779274695401216	-1.55843801480918	-1.91959969583956	-0.0200170491849733	1.57634697214840	0
0.00652881662973881	-1.55721721319719	-1.91047496670393	-0.0193279364930387	1.57577689719220	0
0.00501821183259050	-1.55615484416813	-1.90100044684618	-0.0186626636667504	1.57514231605395	0
0.00326061967320866	-1.55526119251750	-1.89118518474230	-0.0180249854806096	1.57444331198572	0
0.00125741590648599	-1.55454580532200	-1.88104203163692	-0.0174187071383747	1.57368048317423	0
-0.000985099561352370	-1.55401781425359	-1.87060161316833	-0.0168483356650716	1.57285609987040	0
-0.00345647807021511	-1.55368389051751	-1.85990344140072	-0.0163181819010964	1.57197365730046	0
-0.00614591890922340	-1.55354773172566	-1.84898008253966	-0.0158315271960667	1.57103653850890	0
-0.00904125057415357	-1.55361078469778	-1.83786411326628	-0.0153910758272573	1.57004846131993	0
-0.0121284348729843	-1.55387231888555	-1.82659079936898	-0.0149990605514617	1.56901367181841	0
-0.0153914199641002	-1.55432932775309	-1.81519879939361	-0.0146572182380620	1.56793699656445	0
-0.0188121244422563	-1.55497642236082	-1.80373027650817	-0.0143667361101590	1.56682384560929	0
-0.0223704842529453	-1.55580575515866	-1.79223079389107	-0.0141281953387599	1.56568019336430	0
-0.0260445401237155	-1.55680698681875	-1.78074910370481	-0.0139415210959367	1.56451254583136	0
-0.0298105575388259	-1.55796730099280	-1.76933685958484	-0.0138059430178134	1.56332789707924	0
-0.0336431749409028	-1.55927146958061	-1.75804826270458	-0.0137199687302372	1.56213367647579	0
-0.0375155766461795	-1.56070196946854	-1.74693964585812	-0.0136813725335236	1.56093768788883	0
-0.0413996869524671	-1.56223915037215	-1.73606899906796	-0.0136872009753754	1.55974804208373	0
-0.0452663818565246	-1.56386145217073	-1.72549544032669	-0.0137337966493440	1.55857308359097	0
-0.0490857148325877	-1.56554566896839	-1.71527863560080	-0.0138168411042888	1.55742131333689	0
-0.0528271532874417	-1.56726725604522	-1.70547817295848	-0.0139314172209500	1.55630130831232	0
-0.0564598225581733	-1.56900067485500	-1.69615289668493	-0.0140720908008755	1.55522163950773	0
-0.0599527546103244	-1.57071977026053	-1.68736020854974	-0.0142330104215510	1.55419078928272	0
-0.0632751388811302	-1.57239817325825	-1.67915534499467	-0.0144080238499888	1.55321706927346	0
-0.0663965729518562	-1.57400972152478	-1.67159064088410	-0.0145908084970344	1.55230853988449	0
-0.0692873109035342	-1.57552888924061	-1.66471479248604	-0.0147750125726205	1.55147293236425	0
-0.0719185072956767	-1.57693121684859	-1.65857213438302	-0.0149544028187650	1.55071757442832	0
-0.0742624547079047	-1.57819373075119	-1.65320194684570	-0.0151230140152334	1.55004932036686	0
-0.0762928127156911	-1.57929534252079	-1.64863781160781	-0.0152752949429607	1.54947448654598	0
-0.0779848260587335	-1.58021721707885	-1.64490703472551	-0.0154062452226733	1.54899879317770	0
-0.0793155296406493	-1.58094309957778	-1.64203015507252	-0.0155115374811610	1.54862731317936	0
-0.0802639379139237	-1.58145959145897	-1.64002055585352	-0.0155876196757579	1.54836442886068	0
-0.0808112161938136	-1.58175636739544	-1.63888419423522	-0.0156317931397350	1.54821379705911	0
-0.0809408315383308	-1.58182632654462	-1.63861946083415	-0.0156422629724800	1.54817832318948	0
-0.0806386810413995	-1.58166567367138	-1.63921717651864	-0.0156181587258643	1.54826014448748	0
-0.0798931957066732	-1.58127392813980	-1.64066072904849	-0.0155595248362775	1.54846062251839	0
-0.0786954184798435	-1.58065386136196	-1.64292634683717	-0.0154672818016641	1.54878034480761	0
-0.0770390554886174	-1.57981136586395	-1.64598350195733	-0.0153431605776382	1.54921913524311	0
-0.0749205000423418	-1.57875526151428	-1.64979542978599	-0.0151896139470778	1.54977607271555	0
-0.0723388294514910	-1.57749704651160	-1.65431974871019	-0.0150097096067800	1.55044951730948	0
-0.0692957752215088	-1.57605060233467	-1.65950916031032	-0.0148070103489939	1.55123714324369	0
-0.0654752910000447	-1.57427918506903	-1.66582662539367	-0.0145644348677258	1.55221782576323	0
-0.0611569760338934	-1.57236695173452	-1.67277868596159	-0.0143117782640731	1.55331715339274	0
-0.0563068021784867	-1.57027694658423	-1.68031619755965	-0.0140438486889211	1.55454112778012	0
-0.0509335040541806	-1.56802727535627	-1.68836618974210	-0.0137648185306606	1.55588529084854	0
-0.0450881493612056	-1.56568744872218	-1.69683657861134	-0.0134874312065524	1.55733499193700	0
-0.0388115012700800	-1.56330795331676	-1.70564259068291	-0.0132207355527176	1.55887829909511	0
-0.0320805749262478	-1.56085529252160	-1.71472875925215	-0.0129589507534575	1.56051887487211	0
-0.0249143746875216	-1.55834774538296	-1.72402301342900	-0.0127048787741297	1.56225029846134	0
-0.0173731021682433	-1.55585159416083	-1.73344160838430	-0.0124692014766462	1.56405639330089	0
-0.00950543030983969	-1.55341284179592	-1.74291058057628	-0.0122587369792674	1.56592403318882	0
-0.00129521600904297	-1.55099465975817	-1.75238243988535	-0.0120657903310270	1.56785587404053	0
0.00723265815712191	-1.54860942534095	-1.76179850536051	-0.0118908583076010	1.56984482557310	0
0.0160134276023413	-1.54631512861567	-1.77109337306878	-0.0117420504797338	1.57187442308645	0
0.0249952106577920	-1.54414917690030	-1.78021203990569	-0.0116237756493561	1.57393157183510	0
0.0341918357533055	-1.54206794745909	-1.78912239945434	-0.0115264352732375	1.57601912907706	0
0.0435770591642738	-1.54007539049130	-1.79778446479751	-0.0114485161348105	1.57813046415839	0
0.0530860152183604	-1.53821970695860	-1.80615415736809	-0.0113961031926164	1.58024986619554	0
0.0626679656608265	-1.53652899012108	-1.81419706696891	-0.0113718770230267	1.58236526240713	0
0.0723384966372398	-1.53495252952724	-1.82189794139194	-0.0113650369569444	1.58448065293752	0
0.0820739072238550	-1.53348630349213	-1.82923531078335	-0.0113728776144622	1.58659071200983	0
0.0918129041171938	-1.53216987491813	-1.83618462049582	-0.0114003474865139	1.58868122798854	0
0.101509277372676	-1.53102362646255	-1.84272954287657	-0.0114492761921625	1.59074181061644	0
0.111183443874318	-1.52999158623764	-1.84886945264672	-0.0115084795293873	1.59277818549221	0
0.120817030076072	-1.52906398096842	-1.85459811725305	-0.0115748765680289	1.59478681369298	0
0.130354746675702	-1.52827422881988	-1.85990629472241	-0.0116530555333472	1.59675536441811	0
0.139756949623976	-1.52763764584211	-1.86479131116668	-0.0117447015803983	1.59867540716650	0
0.149050605971504	-1.52709574284681	-1.86926319999203	-0.0118388901600740	1.60055457048796	0
0.158224045159812	-1.52663576540989	-1.87332646167964	-0.0119327451522302	1.60239119481986	0
0.167228955641671	-1.52628766938356	-1.87698226941032	-0.0120309882070806	1.60417483931446	0
0.176032829482743	-1.52606432736602	-1.88023679994379	-0.0121355795873073	1.60589894375309	0
0.184669462692533	-1.52590738138256	-1.88310641592446	-0.0122362339771232	1.60757284955869	0
0.193133861758137	-1.52580349929943	-1.88560188490293	-0.0123305774302413	1.60919653926027	0
0.201384313190381	-1.52578127810166	-1.88773031450172	-0.0124236727650157	1.61076117647940	0
0.209394750994874	-1.52585309234393	-1.88950251884951	-0.0125179091408771	1.61226171705402	0
0.217204897676222	-1.52596263498945	-1.89093740926580	-0.0126037780065979	1.61370878464627	0
0.224815351206355	-1.52609756072825	-1.89204836775028	-0.0126794725373146	1.61510357324219	0
0.232189685668735	-1.52628633328064	-1.89284499280715	-0.0127503952327286	1.61643841367633	0
0.239306799122187	-1.52654189389489	-1.89333961904820	-0.0128193350125152	1.61770931085294	0
0.246210780622156	-1.52681099262997	-1.89355096244208	-0.0128775294840753	1.61892766509126	0
0.252906220737383	-1.52708296416772	-1.89349251956319	-0.0129236616442498	1.62009541296094	0
0.259360306309643	-1.52738658176974	-1.89317416585085	-0.0129633627974209	1.62120560852722	0
0.265555196125661	-1.52773568396164	-1.89260783723416	-0.0129997041944708	1.62225486302803	0
0.272006716759132	-1.52808914050618	-1.89174136587717	-0.0130229331102982	1.62333394618867	0
0.278167018030319	-1.52847900397578	-1.89061750317406	-0.0130408893294652	1.62434626591390	0
0.284093108475893	-1.52884822282734	-1.88925617350339	-0.0130443666205878	1.62530592543596	0
0.289733314817207	-1.52924547679505	-1.88766666909760	-0.0130426683035451	1.62620161486459	0
0.295145302200209	-1.52961568214812	-1.88586709981372	-0.0130268870161633	1.62704739345614	0
0.300277901746324	-1.53000723306019	-1.88386611078536	-0.0130062639902869	1.62783204706843	0
0.305189066266180	-1.53036685123681	-1.88167997050765	-0.0129721466757739	1.62856952011953	0
0.309827806191323	-1.53074255425765	-1.87931667802407	-0.0129336854619582	1.62924863611204	0
0.314252066591926	-1.53108269839768	-1.87679070277612	-0.0128824440224487	1.62988317353314	0
0.318410777791003	-1.53143484423250	-1.87410945035776	-0.0128274607422860	1.63046195038544	0
0.322361646023797	-1.53174881425425	-1.87128567917931	-0.0127604825274908	1.63099854416540	0
0.326053318237112	-1.53207164787545	-1.86832628500032	-0.0126904215145297	1.63148173594908	0
0.329543084309378	-1.53235447470116	-1.86524243107804	-0.0126091801021869	1.63192487964127	0
0.332779150476597	-1.53264376762803	-1.86204060267389	-0.0125255359436894	1.63231669670996	0
0.335818255655675	-1.53289181713538	-1.85873049868925	-0.0124315238565871	1.63267030417817	0
0.338608044272764	-1.53314450365390	-1.85531829819482	-0.0123357838403266	1.63297434742545	0
0.341204602950718	-1.53335514668109	-1.85181237252035	-0.0122304640549581	1.63324169999566	0
0.343554920931389	-1.53356902714376	-1.84821869657458	-0.0121240678748956	1.63346091883212	0
0.345714356305551	-1.53374037630815	-1.84454445101431	-0.0120088410743111	1.63364463201265	0
0.347629170452396	-1.53391388652297	-1.84079550165340	-0.0118931549094275	1.63378129821666	0
0.349353935238687	-1.53404459771270	-1.83697797183139	-0.0117693398138118	1.63388330109045	0
0.350834126736131	-1.53417664155626	-1.83309770346485	-0.0116456423594301	1.63393899253747	0
0.352123486529426	-1.53426577692863	-1.82915989024843	-0.0115144669888949	1.63396051467105	0
0.353166659257107	-1.53435561898250	-1.82517042376975	-0.0113839455748114	1.63393610457383	0
0.354016522471504	-1.53440256851789	-1.82113368889691	-0.0112465478703799	1.63387766680485	0
0.354616852168510	-1.53444978417731	-1.81705568773336	-0.0111103033756664	1.63377331551270	0
0.355019636641809	-1.53445424381542	-1.81294010967035	-0.0109677401736165	1.63363472230627	0
0.355167754051401	-1.53445872553980	-1.80879311466599	-0.0108268000041949	1.63344986997124	0
0.355112286494915	-1.53442073130696	-1.80461780215206	-0.0106800638957741	1.63323020224647	0
0.354795193778964	-1.53438275115761	-1.80042052304704	-0.0105354028038275	1.63296356184969	0
0.354266644552153	-1.53430277019626	-1.79620388418034	-0.0103854468964256	1.63266117036306	0
0.353467670787800	-1.53422310027412	-1.79197444545691	-0.0102380158712233	1.63231072180627	0
0.352447533321235	-1.53410218105284	-1.78773440986491	-0.0100857868781646	1.63192322244476	0
0.351146342160190	-1.53398227464657	-1.78349054816833	-0.00993655070202634	1.63148620976350	0
0.349612474149308	-1.53382225958218	-1.77924473905596	-0.00978303109628906	1.63101048356799	0
0.347785145160602	-1.53366449645733	-1.77500394852241	-0.00963301539906820	1.63048341893944	0
0.345711897841921	-1.53346830037011	-1.77076980045037	-0.00947927552289042	1.62991562147757	0
0.343331113098916	-1.53327629926504	-1.76654942133045	-0.00932962422183051	1.62929430171022	0
0.340689585895490	-1.53304825603390	-1.76234423869740	-0.00917688517176294	1.62862988867754	0
0.337724965339154	-1.53282725551577	-1.75816148392215	-0.00902892895523670	1.62790943240410	0
0.334483436144148	-1.53257353234304	-1.75400243459807	-0.00887863664443338	1.62714321116148	0
0.330902079202086	-1.53233083694683	-1.74987434870994	-0.00873397250856725	1.62631812808947	0
0.327026675340587	-1.53205990989213	-1.74577838744426	-0.00858788238076883	1.62544434827330	0
0.322793981612089	-1.53180539091292	-1.74172173300383	-0.00844846296877771	1.62450865554123	0
0.318249671969048	-1.53152856569803	-1.73770545055470	-0.00830873318960893	1.62352115577410	0
0.313330528688492	-1.53127519393214	-1.73373651923658	-0.00817696258435977	1.62246856043633	0
0.308082530897389	-1.53100714121244	-1.72981591620754	-0.00804625092424229	1.62136099205339	0
0.302442965508697	-1.53077151115223	-1.72595026596302	-0.00792508036982668	1.62018516226845	0
0.296458668231939	-1.53053076446101	-1.72214045580839	-0.00780663621007686	1.61895131385436	0
0.290068063922404	-1.53033354524554	-1.71839258248932	-0.00769964883878866	1.61764626311628	0
0.283797610759856	-1.53016916428230	-1.71496909761802	-0.00760685700096331	1.61637662628043	0
0.277212972806468	-1.53001636442651	-1.71160247195595	-0.00751915669304693	1.61505346726390	0
0.270278561571946	-1.52990742256229	-1.70829625759396	-0.00744230146881993	1.61366897377056	0
0.262974349532872	-1.52986399932048	-1.70505264980417	-0.00738011440535337	1.61221859779312	0
0.255345056729256	-1.52985533459575	-1.70187231286928	-0.00732698061837154	1.61071191568814	0
0.247396782325867	-1.52988325193009	-1.69875714580427	-0.00728315042187598	1.60915005196394	0
0.239099699361289	-1.52998211946638	-1.69570931308969	-0.00725472155708238	1.60752613533236	0
0.230440234675981	-1.53017522482983	-1.69272968722474	-0.00724578355185762	1.60583672721144	0
0.225336588387175	-1.53029900364291	-1.69104722243669	-0.00724404946152845	1.60484426078201	0