0	-1.57079632679490	-1.57079632679490	0	1.57079632679490	0
0.0199231568189975	-1.55806203716218	-1.58328471849281	0.00246737190873667	1.57540729531049	0
0.0396885728751207	-1.54608639765167	-1.59497853344468	0.00476974961539119	1.57998271379762	0
0.0592899260981611	-1.53482480278323	-1.60593401127750	0.00691960902044757	1.58452079830435	0
0.0787205737927046	-1.52423236776765	-1.61622507767676	0.00892888456680169	1.58902091454446	0
0.0926190737357009	-1.51698633250276	-1.62327820173694	0.0102964863156282	1.59224166041927	0
0.106423188158655	-1.51005725977234	-1.63001578221950	0.0115990760736652	1.59544034558177	0
0.120130707916210	-1.50343591323752	-1.63643476746301	0.0128391358886538	1.59861520465496	0
0.133739045929010	-1.49710701906840	-1.64256903437238	0.0140202800869433	1.60176657995554	0
0.146388298232179	-1.49144437058543	-1.64802306805726	0.0150737082977355	1.60469265755451	0
0.158946852164758	-1.48602321000794	-1.65322878929425	0.0160793523928804	1.60759565387991	0
0.172033387687997	-1.48058692891691	-1.65841016326475	0.0170850861036045	1.61061652158224	0
0.181522530900875	-1.47678008749815	-1.66200390639416	0.0177878323872557	1.61280340599019	0
0.191233263093317	-1.47298934749204	-1.66559855749636	0.0184863571791308	1.61504152267658	0
0.201160202216276	-1.46923416863924	-1.66912199341848	0.0191771920585817	1.61732543324645	0
0.211370799703206	-1.46548404024010	-1.67265495232271	0.0198659247107175	1.61967423142634	0
0.221857522185531	-1.46176231855934	-1.67611639889376	0.0205484308045249	1.62208145185461	0
0.232466140997260	-1.45811426241742	-1.67952833804211	0.0212163469613219	1.62451617744700	0
0.243191668248864	-1.45455698790226	-1.68281397747924	0.0218667992586609	1.62697238459607	0
0.254044983083312	-1.45107513210745	-1.68604940709086	0.0225025094340367	1.62945695981343	0
0.265020201731438	-1.44768662289623	-1.68915475260685	0.0231205070981177	1.63196340305490	0
0.276053377799531	-1.44439710080631	-1.69219178262737	0.0237196170978320	1.63448195362819	0
0.287139621815451	-1.44122197078049	-1.69508166371868	0.0242973843467340	1.63700621599584	0
0.298272679225698	-1.43814751885534	-1.69790359179170	0.0248561129883144	1.63953968813599	0
0.309447155514737	-1.43518904241817	-1.70057749373178	0.0253934058208159	1.64207570507260	0
0.320632802864736	-1.43233763859544	-1.70318035762338	0.0259106318589633	1.64461259930993	0
0.331824321380236	-1.42960745859929	-1.70563213543580	0.0264056370073026	1.64714364073415	0
0.343010394911473	-1.42698324626042	-1.70801586672218	0.0268808930117799	1.64967162746380	0
0.354185009701103	-1.42447871197777	-1.71025091275143	0.0273343543912009	1.65218959092609	0
0.365328192679480	-1.42207905755199	-1.71242102966078	0.0277683582216318	1.65469863916641	0
0.376433005942226	-1.41979709771090	-1.71444549627536	0.0281810465865213	1.65719157628031	0
0.387484111178062	-1.41761524490107	-1.71641104848627	0.0285752169563796	1.65967082318610	0
0.398472296226392	-1.41554531954404	-1.71823697204146	0.0289492133345926	1.66212872350285	0
0.409375641307738	-1.41356838237057	-1.72001198963281	0.0293060352992728	1.66456662903282	0
0.420179536467567	-1.41169424123134	-1.72165629913789	0.0296444099677286	1.66697591632414	0
0.430853316477022	-1.40989989678712	-1.72326280335240	0.0299680324911921	1.66935673912032	0
0.441361718208172	-1.40818922786791	-1.72475600725435	0.0302767170219334	1.67169687624767	0
0.451530911097532	-1.40650098090082	-1.72626337964584	0.0305810187456793	1.67397192844645	0
0.461133068747642	-1.40478681165124	-1.72775388388723	0.0308901734334142	1.67613649532431	0
0.470588408863536	-1.40310399823831	-1.72925182123536	0.0311933221424367	1.67827380745733	0
0.479965164990355	-1.40148396951735	-1.73065320015731	0.0314853721219187	1.68038936690331	0
0.489203215257983	-1.39992967543831	-1.73203314059150	0.0317652300261255	1.68247477040387	0
0.498322252681912	-1.39846036645335	-1.73329919381563	0.0320300109890357	1.68452692876415	0
0.507352768565431	-1.39705786552062	-1.73454257071998	0.0322824301706294	1.68655846515910	0
0.516302922836017	-1.39574119463952	-1.73567054825625	0.0325196608363222	1.68856390525263	0
0.525159317464759	-1.39449747964775	-1.73677199437840	0.0327434294920401	1.69054639421758	0
0.533926129133884	-1.39334609679301	-1.73775341146682	0.0329508596823427	1.69249949724690	0
0.542606393906173	-1.39227243043130	-1.73870454971698	0.0331439827813671	1.69442997240004	0
0.551200968141707	-1.39129794564665	-1.73952954541645	0.0333195583532802	1.69633035063968	0
0.559696751412124	-1.39041199594269	-1.74031588635520	0.0334788831843628	1.69820366504473	0
0.568090818014754	-1.38964041421828	-1.74096348208780	0.0336179385651632	1.70004100861184	0
0.576370160306582	-1.38898118206692	-1.74155228533201	0.0337364604292137	1.70184434799617	0
0.584523610277224	-1.38847165593568	-1.74197192006380	0.0338283593591350	1.70360150421371	0
0.592098112202764	-1.38830025286690	-1.74213477875517	0.0338591010711681	1.70519863455548	0
0.599183440637066	-1.38833843783759	-1.74208777386662	0.0338523360003291	1.70666579616649	0
0.606353916433178	-1.38844184527449	-1.74201593051835	0.0338335694639238	1.70814400118046	0
0.613619279045938	-1.38860917971739	-1.74184680742996	0.0338036162822178	1.70963068397058	0
0.620816868346786	-1.38880616525490	-1.74169241727471	0.0337679927388614	1.71110142543223	0
0.627954387171606	-1.38904091531101	-1.74147110559927	0.0337258224411515	1.71255204204603	0
0.635098828406716	-1.38929401077422	-1.74126986485421	0.0336800534456637	1.71400327189965	0
0.642254110217978	-1.38957852981339	-1.74100061157432	0.0336289209941512	1.71544934805159	0
0.649352518455432	-1.38987020925347	-1.74076514172336	0.0335761754134036	1.71688440953352	0
0.656398622457124	-1.39018327349472	-1.74047375840592	0.0335198412020271	1.71830264011089	0
0.663419778548270	-1.39049957410024	-1.74021756286496	0.0334626198913730	1.71971682947600	0
0.670419455710774	-1.39083452890233	-1.73990502836449	0.0334023150135186	1.72112068916401	0
0.677370511050584	-1.39116722838914	-1.73963413279889	0.0333421049858220	1.72251641724522	0
0.684276559856488	-1.39151357807530	-1.73931266542479	0.0332796963873589	1.72389765422457	0
0.691148595925850	-1.39185545222226	-1.73903391652301	0.0332177947500699	1.72527403375763	0
0.697989773884069	-1.39220919622015	-1.73870501308528	0.0331540170732549	1.72663898624095	0
0.704789497235126	-1.39255553970257	-1.73842204326171	0.0330912752920890	1.72799799573327	0
0.711550874380406	-1.39291107816104	-1.73809183558134	0.0330271299702563	1.72934441348193	0
0.718278250469823	-1.39325776855965	-1.73780846441614	0.0329642908548217	1.73068663082785	0
0.724974496727606	-1.39361240142947	-1.73747850970978	0.0329002714317743	1.73201788036858	0
0.731635456672857	-1.39395653360322	-1.73719708762948	0.0328378617249669	1.73334494106224	0
0.738263911824797	-1.39430708695846	-1.73687066118853	0.0327745392825252	1.73466097377099	0
0.744861475101087	-1.39464616612243	-1.73659346237364	0.0327130105572977	1.73597388798526	0
0.751430784519387	-1.39499078809282	-1.73627187069348	0.0326507235106743	1.73727676386547	0
0.757970080701131	-1.39532295399217	-1.73600045503052	0.0325904143075544	1.73857688736258	0
0.764481915220555	-1.39565974960630	-1.73568556316709	0.0325295060121787	1.73986727639612	0
0.770966719146791	-1.39598343597122	-1.73542134743561	0.0324707014989622	1.74115565909139	0
0.777426946755008	-1.39631114675427	-1.73511414199099	0.0324114027142412	1.74243499073488	0
0.783861661456008	-1.39662514600557	-1.73485816696513	0.0323543239349960	1.74371276161250	0
0.790273245133034	-1.39694260231511	-1.73455976424112	0.0322968483932687	1.74498187253043	0
0.796661565246549	-1.39724591706978	-1.73431293265478	0.0322416783742420	1.74624999134813	0
0.803028932779238	-1.39755228206610	-1.73402403067794	0.0321861806075401	1.74750996596604	0
0.809374635202938	-1.39784413448619	-1.73378702880411	0.0321330629884239	1.74876937830802	0
0.815700925252159	-1.39813868217557	-1.73350831092657	0.0320796771600208	1.75002102747811	0
0.822007361638891	-1.39841844537464	-1.73328171113836	0.0320287282981140	1.75127257236206	0
0.828296143125639	-1.39870064137382	-1.73301364261123	0.0319775542914132	1.75251676496696	0
0.834566562120054	-1.39896783243009	-1.73279788146168	0.0319288646240404	1.75376123927053	0
0.840820770894898	-1.39923724107895	-1.73254087347467	0.0318799843403002	1.75499870253758	0
0.847058131455326	-1.39949148668686	-1.73233629843379	0.0318336244691390	1.75623682833360	0
0.853280753870007	-1.39974779326103	-1.73209063595614	0.0317870980509137	1.75746828058359	0
0.859487861967096	-1.39998881979375	-1.73189750287758	0.0317431205621587	1.75870073335835	0
0.865681528605390	-1.40023178924970	-1.73166341342654	0.0316989936570153	1.75992680873903	0
0.871860973500403	-1.40045940386822	-1.73148190958595	0.0316574364795339	1.76115420725778	0
0.878028235939449	-1.40068888340703	-1.73125954001838	0.0316157398547401	1.76237551022747	0
0.884182452191154	-1.40090296516646	-1.73108978737739	0.0315766278679491	1.76359842993886	0
0.890325631587402	-1.40111886421226	-1.73087923428926	0.0315373809501287	1.76481550795652	0
0.896456881542334	-1.40131935267995	-1.73072130198175	0.0315007280134671	1.76603447908460	0
0.902578184383451	-1.40152163972905	-1.73052260611837	0.0314639394805270	1.76724784594612	0
0.908688589240414	-1.40170852793828	-1.73037651479344	0.0314297497016473	1.76846336058944	0
0.914790054190103	-1.40189721973109	-1.73018967560111	0.0313954194054646	1.76967348742172	0
0.920881593120889	-1.40207054678330	-1.73005540487857	0.0313636884626282	1.77088600042990	0
0.926965142231268	-1.40224570415167	-1.72988038081798	0.0313318081838479	1.77209332640637	0
0.933039669991458	-1.40240554986532	-1.72975787324188	0.0313025242876546	1.77330325962246	0
0.939107092885574	-1.40256727121243	-1.72959458950297	0.0312730788981687	1.77450818978364	0
0.945166344310110	-1.40271375103810	-1.72948375538347	0.0312462237024725	1.77571593368063	0
0.951219322949330	-1.40286216860171	-1.72933210584628	0.0312191918399375	1.77691884437824	0
0.957264924252799	-1.40299542961074	-1.72923282649234	0.0311947411628150	1.77812476088609	0
0.963305030840928	-1.40313070517764	-1.72909267828786	0.0311700959974254	1.77932600001511	0
0.969338505323726	-1.40325092243011	-1.72900480935915	0.0311480204731178	1.78053042420010	0
0.975367215815408	-1.40337324431413	-1.72887600501542	0.0311257302521364	1.78173031432703	0
0.981389991877477	-1.40348061785430	-1.72879937906528	0.0311059958715520	1.78293355643559	0
0.987408688530946	-1.40359019790128	-1.72868173947532	0.0310860244567845	1.78413239576896	0
0.993422105142393	-1.40368495009599	-1.72861616837704	0.0310685930461847	1.78533474272479	0
0.999432084917945	-1.40378202133218	-1.72850949468880	0.0310509003377784	1.78653280714265	0
1.00543739770243	-1.40386439461128	-1.72845477161070	0.0310357299658313	1.78773452410529	0
1.01143987604966	-1.40394920906700	-1.72835884730238	0.0310202722938455	1.78893206825122	0
1.01743826209537	-1.40401946393938	-1.72831474851740	0.0310073176291446	1.79013339988465	0
1.02343437879841	-1.40409229084371	-1.72822934094645	0.0309940480792445	1.79133065861264	0
1.02942694147239	-1.40415070418878	-1.72819562736365	0.0309832606986089	1.79253183031274	0
1.03541776444561	-1.40421182835027	-1.72812048928941	0.0309721294040764	1.79372901970147	0
1.04140553749008	-1.40425869192210	-1.72809690783110	0.0309634580626286	1.79493023865008	0
1.04739206718401	-1.40430841234766	-1.72803177865064	0.0309544124538786	1.79612755709983	0
1.05337601862067	-1.40434403147644	-1.72801806344347	0.0309478033197618	1.79732901324998	0
1.05935919143329	-1.40438266014946	-1.72796267034343	0.0309407883451335	1.79852664235920	0
1.06534022700966	-1.40440735260506	-1.72795854378115	0.0309361852050561	1.79972850930457	0
1.07132091877502	-1.40443521342853	-1.72791260271470	0.0309311435220132	1.80092661473476	0
1.07729988517810	-1.40444930842947	-1.72791777638893	0.0309284879606389	1.80212905050966	0
1.08327891411141	-1.40446673629631	-1.72788099296401	0.0309253601040146	1.80332778272270	0
1.08925660185802	-1.40447057364215	-1.72789516849258	0.0309245916610825	1.80453093051797	0
1.09523473139700	-1.40447791362547	-1.72786723874314	0.0309233161897046	1.80573042547268	0
1.10121187750408	-1.40447184293840	-1.72789010850109	0.0309243724974299	1.80693441428976	0
1.10718981881308	-1.40446944958095	-1.72787071958048	0.0309248861228015	1.80813479405530	0
1.11316711188464	-1.40445382962701	-1.72790196740144	0.0309277030287552	1.80933973983584	0
1.11914553153320	-1.40444206632065	-1.72789079810460	0.0309299407277077	1.81054111422274	0
1.12512361554077	-1.40441726440667	-1.72793009984794	0.0309344524042189	1.81174712069650	0
1.13110313538830	-1.40439650279640	-1.72792682131150	0.0309383475265433	1.81294958733013	0
1.13708260708016	-1.40436289426554	-1.72797384533804	0.0309444865620830	1.81415674556659	0
1.14306379920614	-1.40433351378849	-1.72797812156529	0.0309499709136795	1.81536038894157	0
1.14904520765874	-1.40429148159554	-1.72803252920058	0.0309576683894585	1.81656877732482	0
1.15502859854166	-1.40425386910172	-1.72804401735171	0.0309646723009820	1.81777366969224	0
1.16101244803537	-1.40420380343964	-1.72810546326204	0.0309738578582460	1.81898335455125	0
1.16699852012828	-1.40415835282799	-1.72812381410127	0.0309823102504016	1.82018955629171	0
1.17298527218338	-1.40410065079243	-1.72819194666859	0.0309929121506249	1.82140059235694	0
1.17897446641350	-1.40404776270413	-1.72821680485357	0.0310027405892039	1.82260815252067	0
1.18496454173690	-1.40398282800074	-1.72829126648829	0.0310146857664286	1.82382058335290	0
1.19095725890171	-1.40392290954108	-1.72832227090091	0.0310258165118126	1.82502953997764	0
1.19695103893545	-1.40385115222717	-1.72840269833604	0.0310390306185319	1.82624339831123	0
1.20294764140591	-1.40378461672659	-1.72843948233519	0.0310513886680295	1.82745377879126	0
1.20894546978393	-1.40370645298612	-1.72852550688006	0.0310657961148401	1.82866908685185	0
1.21494628271655	-1.40363371978891	-1.72856769855496	0.0310793052397098	1.82988090820498	0
1.22094846651389	-1.40354957173601	-1.72865894632710	0.0310948292295727	1.83109767798043	0
1.22695377913887	-1.40347106601783	-1.72870616870662	0.0311094120066480	1.83231094712349	0
1.23296059004049	-1.40338136152640	-1.72880226083474	0.0311259745641889	1.83352918061328	0
1.23897065671260	-1.40329751413526	-1.72885413208440	0.0311415524029779	1.83474389458614	0
1.24498233206069	-1.40320268669134	-1.72895468489099	0.0311590743993961	1.83596358402214	0
1.25099737330443	-1.40311393401073	-1.72901081848149	0.0311755675649458	1.83717973020577	0
1.25701411707930	-1.40301442258558	-1.72911544364316	0.0311939687389379	1.83840085825546	0
1.26303432050664	-1.40292120641663	-1.72917544850367	0.0312112963709620	1.83961841456101	0
1.26905630422827	-1.40281745535798	-1.72928375319360	0.0312304953460635	1.84084095451127	0
1.27508182542511	-1.40272022281915	-1.72934723384421	0.0312485754746463	1.84205988955925	0
1.28110918900020	-1.40261268175902	-1.72945882085641	0.0312684897733072	1.84328380548601	0
1.28714015233489	-1.40251188520139	-1.72952537752572	0.0312872393315005	1.84450407876689	0
1.29317300484718	-1.40240100897884	-1.72963984538357	0.0313077853861763	1.84572932569050	0
1.29920950424347	-1.40229710591561	-1.72970907410934	0.0313271202197293	1.84695088771548	0
1.30524792469960	-1.40218335451315	-1.72982601715853	0.0313482133812033	1.84817741174461	0
1.31129002435611	-1.40207680756237	-1.72989750987429	0.0313680482556192	1.84940020418320	0
1.31733406238764	-1.40196064605509	-1.73001651836142	0.0313896027987257	1.85062794264761	0
1.32338179746306	-1.40185192289473	-1.73008986296833	0.0314098514037904	1.85185189845611	0
1.32943147399163	-1.40173382141149	-1.73021052310523	0.0314317805306570	1.85308078002992	0
1.33548485125036	-1.40162339474623	-1.73028530353021	0.0314523554825241	1.85430582356999	0
1.34154015911692	-1.40150382844253	-1.73040719754442	0.0314745713233923	1.85553576838581	0
1.34759915754233	-1.40139217598225	-1.73048299378425	0.0314953841642648	1.85676181553459	0
1.35366006210433	-1.40127162502461	-1.73060569995554	0.0315177977759013	1.85799273528931	0
1.35972463348026	-1.40115922947441	-1.73068208810685	0.0315387589712849	1.85921969354139	0
1.36579107317778	-1.40103817903665	-1.73080518078935	0.0315612803329300	1.86045149159406	0
1.37186114263952	-1.40092552809902	-1.73088173306402	0.0315822992663798	1.86167926015550	0
1.37793302953177	-1.40080446837079	-1.73100478269343	0.0316048372731225	1.86291183161734	0
1.38400849608835	-1.40069205476047	-1.73108106741857	0.0316258222383354	1.86414030149217	0
1.39008571636132	-1.40057148096920	-1.73120364050345	0.0316482846917335	1.86537353330899	0
1.39616645338859	-1.40045980244203	-1.73127922210478	0.0316691428817701	1.86660258737781	0
1.40224886783363	-1.40034021488939	-1.73140088120064	0.0316914364774613	1.86783635840455	0
1.40833472353842	-1.40022977428654	-1.73147532016790	0.0317120739707997	1.86906587149531	0
1.41442216800166	-1.40011167840134	-1.73159562383233	0.0317341042827641	1.87030005256248	0
1.42051296585639	-1.40000298371104	-1.73166847666470	0.0317544260258027	1.87152989151277	0
1.42660525165786	-1.39988689012079	-1.73178697939156	0.0317760974868444	1.87276434548423	0
1.43270079080411	-1.39978045456000	-1.73185779852075	0.0317960072723664	1.87399436919468	0
1.43879770512514	-1.39966687918387	-1.73197405065061	0.0318172231502718	1.87522895101601	0
1.44489776074459	-1.39956322130313	-1.73204238433882	0.0318366235912732	1.87645901049380	0
1.45099906698175	-1.39945268546991	-1.73215593194265	0.0318572859599866	1.87769356723038	0
1.45710339063295	-1.39935232928510	-1.73222132415173	0.0318760784581340	1.87892350562191	0
1.46320882871590	-1.39924535988028	-1.73233170888387	0.0318960881631402	1.88015787648543	0
1.46931714863266	-1.39914883503593	-1.73239369911163	0.0319141728709727	1.88138752909664	0
1.47542643530292	-1.39904596468294	-1.73250045802755	0.0319334294879182	1.88262154545862	0
1.48153845665300	-1.39895380665269	-1.73255858110611	0.0319507052637291	1.88385073976156	0
1.48765128570038	-1.39885557393452	-1.73266124643936	0.0319691070491139	1.88508422515203	0
1.49376669079907	-1.39876832426535	-1.73271503228964	0.0319854714032321	1.88631278077545	0
1.49988273325118	-1.39867527399362	-1.73281313118154	0.0320029152357728	1.88754555086464	0
1.50600118172571	-1.39859348060177	-1.73286210451664	0.0320182642667166	1.88877327956636	0
1.51212008598600	-1.39850616414217	-1.73295515869093	0.0320346455777106	1.89000514212677	0
1.51824121488634	-1.39843038167032	-1.73299883865998	0.0320488738963793	1.89123184774508	0
1.52436260681479	-1.39834935733462	-1.73308636403302	0.0320640865870615	1.89246260259086	0
1.53048603066293	-1.39828014758169	-1.73312426379525	0.0320770872267718	1.89368808097120	0
1.53660951359271	-1.39820598109897	-1.73320577001072	0.0320910235702598	1.89491751987111	0
1.54273482436509	-1.39814391353623	-1.73323739622768	0.0321026878799831	1.89614155876438	0
1.54885997904767	-1.39807717861820	-1.73331238610235	0.0321152384049114	1.89736946532381	0
1.55498674608106	-1.39802283100820	-1.73333723833337	0.0321254559225290	1.89859184425114	0
1.56111313054993	-1.39796411002689	-1.73340520719778	0.0321365092748672	1.89981799375783	0
1.56724090036075	-1.39791806916511	-1.73342277718114	0.0321451675765806	1.90103848383588	0
1.57336804970334	-1.39786795396482	-1.73348321209566	0.0321546103553768	1.90226264306290	0
1.57949634570906	-1.39783081656845	-1.73349298289363	0.0321615948765663	1.90348100678266	0
1.58562377173326	-1.39778990943901	-1.73354536171577	0.0321693114384076	1.90470293374053	0
1.59175209386068	-1.39776228321264	-1.73354680669715	0.0321745052601671	1.90591892469072	0
1.59787928464027	-1.39773119805695	-1.73359059697092	0.0321803774859456	1.90713836831913	0
1.60400710880349	-1.39771370297203	-1.73358317859820	0.0321836610801544	1.90835173084343	0
1.61013352808260	-1.39769306670908	-1.73361783622874	0.0321875680961814	1.90956843063037	0
1.61626030550838	-1.39768633654306	-1.73360100460915	0.0321888190202243	1.91077889940499	0
1.62238539194068	-1.39767679079780	-1.73362597227714	0.0321906368637344	1.91199258491826	0
1.62851054831443	-1.39768147499054	-1.73359916342633	0.0321897293936850	1.91319988443297	0
1.63463371695681	-1.39768367813171	-1.73361386872170	0.0321893306108966	1.91441027523265	0
1.64075665625868	-1.39770044406434	-1.73357650236713	0.0321861352928713	1.91561412010907	0
1.64687730101708	-1.39771507372058	-1.73358035546355	0.0321833884445459	1.91682092575072	0
1.65299740656589	-1.39774460950652	-1.73353183249430	0.0321777715469300	1.91802102041536	0
1.65911489383450	-1.39777236564561	-1.73352422323327	0.0321725406047152	1.91922393859606	0
1.66523151449883	-1.39781538342560	-1.73346392287078	0.0321643634724394	1.92041997394290	0
1.67134517720766	-1.39785699202885	-1.73344421744751	0.0321565070995847	1.92161868862591	0
1.67745762927459	-1.39791423212392	-1.73337149322044	0.0321456253420035	1.92281034156795	0
1.68356676608766	-1.39797044976069	-1.73333902996625	0.0321349959996697	1.92400452193944	0
1.68967432976445	-1.39804268572417	-1.73325320524472	0.0321212585042450	1.92519145375440	0
1.69577820258120	-1.39811430523344	-1.73320728949353	0.0321077013433400	1.92638075263325	0
1.70188012046078	-1.39820235025582	-1.73310765158931	0.0320909490271715	1.92756260741050	0
1.70797795153790	-1.39829020791828	-1.73304754916679	0.0320743004914561	1.92874665928510	0
1.71407342432838	-1.39839492288393	-1.73293334210554	0.0320543647328243	1.92992306151963	0
1.72016439203262	-1.39849990754711	-1.73285827110738	0.0320344507837719	1.93110147993204	0
1.72625257426393	-1.39862221140430	-1.73272868625194	0.0320111514056519	1.93227203165000	0
1.73233580774133	-1.39874527628189	-1.73263780642365	0.0319877852295495	1.93344440583785	0
1.73841580129685	-1.39888615952556	-1.73249197038693	0.0319609278804507	1.93460868268559	0
1.74449037331251	-1.39902833769973	-1.73238436922380	0.0319339068787914	1.93577457313584	0
1.75056121942675	-1.39918888028409	-1.73222132781171	0.0319032795562753	1.93693211929247	0
1.75662613694317	-1.39935130550723	-1.73209600194529	0.0318723813108675	1.93809105180801	0
1.76268680512879	-1.39953270115127	-1.73191469845038	0.0318377496483417	1.93924137304117	0
1.76874099645300	-1.39971663645590	-1.73177052811241	0.0318027263764537	1.94039283060205	0
1.77479036949281	-1.39992022657353	-1.73156977306244	0.0317638270689580	1.94153538466433	0
1.78083266634542	-1.40012710485383	-1.73140548593420	0.0317243977644905	1.94267879594955	0
1.78686951879983	-1.40035442755272	-1.73118391350728	0.0316809290823435	1.94381297875995	0
1.79289863018559	-1.40058591137755	-1.73099803153814	0.0316367679417487	1.94494770130974	0
1.79892159646595	-1.40083877536803	-1.73075403393960	0.0315883754328572	1.94607282623919	0
1.80493606848795	-1.40109684958860	-1.73054479114201	0.0315390939491379	1.94719812048642	0
1.81094359211981	-1.40137745212230	-1.73027641408641	0.0314853476420198	1.94831338541803	0
1.81694174106774	-1.40166457688765	-1.73004162090785	0.0314304650421620	1.94942837178456	0
1.82293198654017	-1.40197570685336	-1.72974638396705	0.0313708202208624	1.95053280240028	0
1.82891177335717	-1.40229509418610	-1.72948318243311	0.0313097100747949	1.95163638308523	0
1.83488245009021	-1.40264052200483	-1.72915773485305	0.0312434320408069	1.95272872305173	0
1.84084119258538	-1.40299670602480	-1.72886209406619	0.0311752122748162	1.95381941569739	0
1.84678911167855	-1.40338207062919	-1.72850143379351	0.0311012053419491	1.95489786962118	0
1.85272251297815	-1.40378232220261	-1.72816689651001	0.0310244655756231	1.95597334590546	0
1.85864182405278	-1.40421793089383	-1.72776191545002	0.0309407338289372	1.95703470205117	0
1.86453370959067	-1.40467448988550	-1.72737750075190	0.0308531043296687	1.95808935838449	0
1.87038639966823	-1.40521289585005	-1.72688223288636	0.0307495246291309	1.95911617722803	0
1.87615673136661	-1.40577278154736	-1.72640577024912	0.0306419337701344	1.96012534922009	0
1.88185840607431	-1.40632910681111	-1.72589601198078	0.0305348023010836	1.96111732463766	0
1.88757804870845	-1.40687818817526	-1.72542914268122	0.0304291844510964	1.96211638628513	0
1.89331796879758	-1.40743454277793	-1.72491640782157	0.0303219182100135	1.96311305852472	0
1.89906081513192	-1.40797994369481	-1.72445202245378	0.0302169004348586	1.96411483941830	0
1.90480863701043	-1.40853025091426	-1.72394511812513	0.0301106862815214	1.96511184204783	0
1.91056493756827	-1.40906975779429	-1.72348579121740	0.0300066996088259	1.96611495201051	0
1.91633171804116	-1.40961459031081	-1.72298235308538	0.0299014194713989	1.96711413349931	0
1.92209565108529	-1.41014715614996	-1.72252857137699	0.0297986655432429	1.96811762663727	0
1.92785876581167	-1.41068367955307	-1.72203239540371	0.0296948756074304	1.96911533285816	0
1.93362124449088	-1.41120804762254	-1.72158551481857	0.0295936012936131	1.97011775897265	0
1.93938511543060	-1.41173651432625	-1.72109563310211	0.0294912517695769	1.97111474771548	0
1.94514389564676	-1.41225222713643	-1.72065589552879	0.0293915477236651	1.97211578213604	0
1.95089962738936	-1.41277145423422	-1.72017389308392	0.0292908738295107	1.97311066760791	0
1.95665124910120	-1.41327793425266	-1.71974192417237	0.0291928560162450	1.97410980942801	0
1.96240080380825	-1.41378792901155	-1.71926751276040	0.0290938583397470	1.97510297628972	0
1.96814459822187	-1.41428490922564	-1.71884349980583	0.0289975818642766	1.97610018425713	0
1.97388468088699	-1.41478512656796	-1.71837739339504	0.0289003713085234	1.97709117325068	0
1.97961951689329	-1.41527229833436	-1.71796167143980	0.0288059002886716	1.97808633913676	0
1.98535115525455	-1.41576265812221	-1.71750384531764	0.0287104957794779	1.97907539358692	0
1.99107702837398	-1.41623983913007	-1.71709657243106	0.0286178695530304	1.98006859336306	0
1.99679918733929	-1.41672005579450	-1.71664738756792	0.0285243313587641	1.98105562498948	0
2.00251592116624	-1.41718705419849	-1.71624877420061	0.0284335915591955	1.98204690875238	0
2.00822928114533	-1.41765702661809	-1.71580829824020	0.0283419433720642	1.98303210636749	0
2.01393715150249	-1.41811370509944	-1.71541848060280	0.0282531209582683	1.98402159675545	0
2.01964158427912	-1.41857325959974	-1.71498692598012	0.0281634012432189	1.98500501806046	0
2.02534080280336	-1.41901948301098	-1.71460605558527	0.0280765269751076	1.98599282677103	0
2.03103685919289	-1.41946852200308	-1.71418351561622	0.0279887591049287	1.98697463764798	0
2.03672781751575	-1.41990418154308	-1.71381171015443	0.0279038586115461	1.98796090386251	0
2.04241573016047	-1.42034258522090	-1.71339832945466	0.0278180705984592	1.98894121728760	0
2.04809879470185	-1.42076757826067	-1.71303570771782	0.0277351684277614	1.98992607451739	0
2.05377906356968	-1.42119526104740	-1.71263157982031	0.0276513815152663	1.99090504463068	0
2.05945467088288	-1.42160950016525	-1.71227824270237	0.0275704992722693	1.99188863569678	0
2.06512766919223	-1.42202637315326	-1.71188347629684	0.0274887355068857	1.99286639419605	0
2.07079624437733	-1.42242977833481	-1.71153952042182	0.0274098934213416	1.99384885805353	0
2.07646244904531	-1.42283577062782	-1.71115419969341	0.0273301713092571	1.99482555119114	0
2.08212444292607	-1.42322827259068	-1.71081971009376	0.0272533875395844	1.99580702876402	0
2.08778427872757	-1.42362331694287	-1.71044392047046	0.0271757249513631	1.99678279220736	0
2.09344013536473	-1.42400485408898	-1.71011897592036	0.0271010161947966	1.99776342114459	0
2.09909406564298	-1.42438889491871	-1.70975278873740	0.0270254287192874	1.99873839453422	0
2.10474423679759	-1.42475941451658	-1.70943745895133	0.0269528099564916	1.99971831147949	0
2.11039270176626	-1.42513240239126	-1.70908094147220	0.0268793120171158	2.00069262848045	0
2.11603763392460	-1.42549185935352	-1.70877528920898	0.0268087967530677	2.00167196697968	0
2.12168108636219	-1.42585375395760	-1.70842849871668	0.0267374009889344	2.00264576101148	0
2.12732122633208	-1.42620211122515	-1.70813257872582	0.0266690011632212	2.00362465239262	0
2.13296010710857	-1.42655287921421	-1.70779556643890	0.0265997188608463	2.00459805268490	0
2.13859589680283	-1.42689010723649	-1.70750942630747	0.0265334449459339	2.00557662521862	0
2.14423064890221	-1.42722972330234	-1.70718223512183	0.0264662858103639	2.00654975906474	0
2.14986252747226	-1.42755580012809	-1.70690591489578	0.0264021467836163	2.00752813830174	0
2.15549358624625	-1.42788424613653	-1.70658858093140	0.0263371191081622	2.00850112948961	0
2.16112198795156	-1.42819915716696	-1.70632211347268	0.0262751224947198	2.00947943791970	0
2.16674978659895	-1.42851642250969	-1.70601466522789	0.0262122330794726	2.01045240761478	0
2.17237514158671	-1.42882016048452	-1.70575807609579	0.0261523849468077	2.01143076479193	0
2.17800010723609	-1.42912624170778	-1.70546053507425	0.0260916391678984	2.01240383090799	0
2.18362284063680	-1.42941880656695	-1.70521384269128	0.0260339441468422	2.01338235330717	0
2.18924539645325	-1.42971370745944	-1.70492622310212	0.0259753459301789	2.01435563084772	0
2.19486592862830	-1.42999510629473	-1.70468943873501	0.0259198072173033	2.01533443190611	0
2.20048649220241	-1.43027883770620	-1.70441174776248	0.0258633590690040	2.01630803270683	0
2.20610523832510	-1.43054908466852	-1.70418487561290	0.0258099784386859	2.01728722275859	0
2.21172422244548	-1.43082166450298	-1.70391711332675	0.0257556814390901	2.01826125561387	0
2.21734159253653	-1.43108078074554	-1.70370015055001	0.0257044592482248	2.01924094189739	0
2.22295940448844	-1.43134223385561	-1.70344231003591	0.0256523130670122	2.02021551244891	0
2.22857580318591	-1.43159024746267	-1.70323524680175	0.0256032482630862	2.02119579907139	0
2.23419284499217	-1.43184060561149	-1.70298731415226	0.0255532511603689	2.02217100984848	0
2.23980867149935	-1.43207755154254	-1.70279013367731	0.0255063412864754	2.02315199777857	0
2.24542533957520	-1.43231685333068	-1.70255208806757	0.0254584901215581	2.02412794814346	0
2.25104098750079	-1.43254277336124	-1.70236476666380	0.0254137313224020	2.02510973518630	0
2.25665767267928	-1.43277106418083	-1.70213658037293	0.0253680215569984	2.02608652133885	0
2.26227352994516	-1.43298600685100	-1.70195908748471	0.0253254085834875	2.02706920212144	0
2.26789061726712	-1.43320333882872	-1.70174072594967	0.0252818342875578	2.02804691706529	0
2.27350706597049	-1.43340735939225	-1.70157302419677	0.0252413605015058	2.02903058301403	0
2.27912493461886	-1.43361379134427	-1.70136444604485	0.0251999143567547	2.03000931654560	0
2.28474235091829	-1.43380695172242	-1.70120649126066	0.0251615717348013	2.03099405586720	0
2.29036137405573	-1.43400254910710	-1.70100764835420	0.0251222450389113	2.03197389454849	0
2.29598012803550	-1.43418491784447	-1.70085938962596	0.0250860241762419	2.03295979220675	0
2.30160067269541	-1.43436975272113	-1.70067022709857	0.0250488068459966	2.03394081934625	0
2.30722112823576	-1.43454140494491	-1.70053160680551	0.0250146969595325	2.03492795703929	0
2.31284355517167	-1.43471555593353	-1.70035206310274	0.0249795775339787	2.03591025266553	0
2.31846606980715	-1.43487657331524	-1.70022301695469	0.0249475664652611	2.03689870880050	0
2.32409073335990	-1.43504012556003	-1.70005302387113	0.0249145321082280	2.03788234963795	0
2.32971565813602	-1.43519059628006	-1.69993348094610	0.0248846063258826	2.03887219930486	0
2.33534290607986	-1.43534364141492	-1.69977296366401	0.0248536428283037	2.03985725874579	0
2.34097058540117	-1.43548366012960	-1.69966284644572	0.0248257874301757	2.04084857368937	0
2.34660075879367	-1.43562629624656	-1.69951172357202	0.0247968792119547	2.04183512176573	0
2.35223153026752	-1.43575596405767	-1.69941094798687	0.0247710779268769	2.04282797035599	0
2.35786496328721	-1.43588829567754	-1.69926913159056	0.0247442080384738	2.04381607370873	0
2.36349915755983	-1.43600772010429	-1.69917760704432	0.0247204432277116	2.04481052090968	0
2.36913617734057	-1.43612985814968	-1.69904500269309	0.0246955933513690	2.04580024275688	0
2.37477411792729	-1.43623915310287	-1.69896263210730	0.0246738460097340	2.04679635009367	0
2.38041504438431	-1.43635121487346	-1.69883913890415	0.0246509964604030	2.04778775019679	0
2.38605704749285	-1.43645050063192	-1.69876581875216	0.0246312462170579	2.04878557572114	0
2.39170219314317	-1.43655260978190	-1.69865132937158	0.0246103759430088	2.04977871034969	0
2.39734856749040	-1.43664201297093	-1.69858694971446	0.0245926010619690	2.05077830860369	0
2.40299823726590	-1.43673429948839	-1.69848135043847	0.0245736876451143	2.05177323049818	0
2.40864928388775	-1.43681395306028	-1.69842579496059	0.0245578650254604	2.05277465247633	0
2.41430377494185	-1.43689655324861	-1.69832896571456	0.0245408846813921	2.05377141080953	0
2.41995978699648	-1.43696659646497	-1.69828211175909	0.0245269898572043	2.05477470391920	0
2.42561938850379	-1.43703965292607	-1.69819392614736	0.0245119174349624	2.05577334425574	0
2.43128065106803	-1.43710023134198	-1.69815564475154	0.0244999245749879	2.05677855227586	0
2.43694564401739	-1.43716389296122	-1.69807597009303	0.0244867335565701	2.05777911653019	0
2.44261243387665	-1.43721515841105	-1.69804612602333	0.0244766154636345	2.05878627956839	0
2.44828309085805	-1.43726958034380	-1.69797482338687	0.0244652779632548	2.05978880596119	0
2.45395567628966	-1.43731169092867	-1.69795327517411	0.0244570060734301	2.06079796040931	0
2.45963226127377	-1.43735703458843	-1.69789019941390	0.0244474928365478	2.06180248342215	0
2.46531090182408	-1.43739015466503	-1.69787679938825	0.0244410372180883	2.06281366191028	0
2.47099366993694	-1.43742658771294	-1.69782179917906	0.0244333176202055	2.06382021223900	0
2.47667861619235	-1.43745088788380	-1.69781639350501	0.0244286469722620	2.06483344358790	0
2.48236781348277	-1.43747858421948	-1.69776931137759	0.0244226890175153	2.06584204809435	0
2.48805930683493	-1.43749424132451	-1.69777174008896	0.0244197706686419	2.06685735726658	0
2.49375517003737	-1.43751338107809	-1.69773241246528	0.0244155409881881	2.06786803892911	0
2.49945344244300	-1.43752057818724	-1.69774250950014	0.0244143408946495	2.06888544697874	0
2.50515619873427	-1.43753134771247	-1.69771076672881	0.0244118047448677	2.06989822484126	0
2.51086147246985	-1.43753027411946	-1.69772835996456	0.0244122874887634	2.07091774886236	0
2.51657133922182	-1.43753286598792	-1.69770402635620	0.0244114087492754	2.07193263798236	0
2.52228382663386	-1.43752371720491	-1.69772893764460	0.0244135375364880	2.07295429105637	0
2.52800101116127	-1.43751833020094	-1.69771183150738	0.0244142787080176	2.07397130245176	0
2.53372091824826	-1.43750130793229	-1.69774387678573	0.0244180153713472	2.07499509428739	0
2.53944562523739	-1.43748814704640	-1.69773381033203	0.0244203375717811	2.07601423623539	0
2.54517315018971	-1.43746345918069	-1.69777279956839	0.0244256425679617	2.07704017288768	0
2.55090557132660	-1.43744273555094	-1.69776957928119	0.0244295055456864	2.07806144910942	0
2.55664089970009	-1.43741059616053	-1.69781531655683	0.0244363379531552	2.07908953211636	0
2.56238121439855	-1.43738252712271	-1.69781874297268	0.0244417000703892	2.08011294186519	0
2.56812451911157	-1.43734315648073	-1.69787102646513	0.0244500175821011	2.08114316823134	0
2.57387289377893	-1.43730796556024	-1.69788089431659	0.0244568358150423	2.08216870616655	0
2.57962433524862	-1.43726159014245	-1.69793951635635	0.0244665947353046	2.08320106838074	0
2.58538092429440	-1.43721950706758	-1.69795561452630	0.0244748246670678	2.08422872472739	0
2.59114065072453	-1.43716635955615	-1.69802036161595	0.0244859799073392	2.08526321080232	0
2.59690559612650	-1.43711762025441	-1.69804247321569	0.0244955757261119	2.08629297126979	0
2.60267374341808	-1.43705793953739	-1.69811312607464	0.0245080808019919	2.08732956471752	0
2.60844717497812	-1.43700278613863	-1.69814102844897	0.0245189952966219	2.08836141053131	0
2.61422386669699	-1.43693681731003	-1.69821736204344	0.0245328023244143	2.08940009034688	0
2.62000590171999	-1.43687549814410	-1.69825082682376	0.0245449868817686	2.09043399818374	0
2.62579124891278	-1.43680349250249	-1.69833261040667	0.0245600465754153	2.09147473880288	0
2.63158199215999	-1.43673626209892	-1.69837140353574	0.0245734511768184	2.09251068077105	0
2.63737609319363	-1.43665847714615	-1.69845840068081	0.0245897128446471	2.09355345203135	0
2.64317563660814	-1.43658559623193	-1.69850228245621	0.0246042860629031	2.09459139561255	0
2.64897857695127	-1.43650229567119	-1.69859425109593	0.0246216976044790	2.09563616270470	0
2.65478699949556	-1.43642403116895	-1.69864297620254	0.0246373866005625	2.09667607071471	0
2.66059885151272	-1.43633548490259	-1.69873966866387	0.0246558945034568	2.09772279413569	0
2.66641621891924	-1.43625210992791	-1.69879298621359	0.0246726450233930	2.09876462467037	0
2.67223704164640	-1.43615859405475	-1.69889414925516	0.0246921943599782	2.09981326017364	0
2.67806340621819	-1.43607038791320	-1.69895180282242	0.0247099507316078	2.10085696656335	0
2.68389324514883	-1.43597218472545	-1.69905717767075	0.0247304851558198	2.10190746511079	0
2.68972864553103	-1.43587943290903	-1.69911890533081	0.0247491902856310	2.10295299587012	0
2.69556753240102	-1.43577683088857	-1.69922822771713	0.0247706520297422	2.10400530358400	0
2.70141199337904	-1.43567982507159	-1.69929376208258	0.0247902473996677	2.10505260236617	0
2.70725994596248	-1.43557311888572	-1.69940676227908	0.0248125772710509	2.10610666048312	0
2.71311347825557	-1.43547215692001	-1.69947583053741	0.0248330029352965	2.10715566603383	0
2.71897050016799	-1.43536164741655	-1.69959223339358	0.0248561403131988	2.10821141086037	0
2.72483310024195	-1.43525703332603	-1.69966455734375	0.0248773348950661	2.10926205697514	0
2.73069918075598	-1.43514302752770	-1.69978408232224	0.0249012177273803	2.11031941984556	0
2.73657083064180	-1.43503507150230	-1.69985937841147	0.0249231184161033	2.11137163532849	0
2.74244594451433	-1.43491788260050	-1.69998173962364	0.0249476832161405	2.11243054256500	0
2.74832661164375	-1.43480690098933	-1.70005971898341	0.0249702257637153	2.11348425119060	0
2.75421071895719	-1.43468684833719	-1.70018462522423	0.0249954076069644	2.11454462406628	0
2.76010035600967	-1.43457316364108	-1.70026499370585	0.0250185263249687	2.11559974454371	0
2.76599340202735	-1.43445057274595	-1.70039214848819	0.0250442588458302	2.11666149924812	0
2.77189194679375	-1.43433451360948	-1.70047460669738	0.0250678866022059	2.11771794518859	0
2.77779386183034	-1.43420971612485	-1.70060370828519	0.0250941019906744	2.11878099279637	0
2.78370123709001	-1.43409161732781	-1.70068795161581	0.0251181702064504	2.11983867268319	0
2.78961193639719	-1.43396495104489	-1.70081869305621	0.0251447992047144	2.12090291912563	0
2.79552804981210	-1.43384515349351	-1.70090441172241	0.0251692378506275	2.12196173628747	0
2.80144743347995	-1.43371696233255	-1.70103648087622	0.0251962097495411	2.12302708232703	0
2.80737217750323	-1.43359581305058	-1.70112335994307	0.0252209473425067	2.12408693491406	0
2.81330013037706	-1.43346644705231	-1.70125643951343	0.0252481899778772	2.12515327612186	0
2.81923338217793	-1.43334429917237	-1.70134415892531	0.0252731535772405	2.12621405708489	0
2.82516977379035	-1.43321411448973	-1.70147792648398	0.0253005933258551	2.12728128382107	0
2.83111139519323	-1.43309132724520	-1.70156616109047	0.0253257085293427	2.12834288089333	0
2.83705607971097	-1.43296068613597	-1.70170028910123	0.0253532703046419	2.12941087829006	0
2.84300591714975	-1.43283762485393	-1.70178870867973	0.0253784612439042	2.13047317397170	0
2.84895873333441	-1.43270689567468	-1.70192286451833	0.0254060684911845	2.13154182191867	0
2.85491661781958	-1.43258393177055	-1.70201113379286	0.0254312578268015	2.13260469346348	0
2.86087738900141	-1.43245348897256	-1.70214497976264	0.0254588325178033	2.13367386659552	0
2.86684313610021	-1.43233099994713	-1.70223275841787	0.0254839414335925	2.13473718599970	0
2.87281167016357	-1.43220122407515	-1.70236595176032	0.0255114040602960	2.13580675368618	0
2.87878507999049	-1.43207959351487	-1.70245289445000	0.0255363522567261	2.13687038767855	0
2.88476116936916	-1.43195087120974	-1.70258508734908	0.0255636218241401	2.13794021401398	0
2.89074202658587	-1.43183048879144	-1.70267084369760	0.0255883275106174	2.13900402404719	0
2.89672544826702	-1.43170321279762	-1.70280168327669	0.0256153215283071	2.14007396784264	0
2.90271352209005	-1.43158447429888	-1.70288589787252	0.0256397014140485	2.14113781008485	0
2.90870403762416	-1.43145904347848	-1.70301502618248	0.0256663358860872	2.14220772485930	0
2.91469908183679	-1.43134235079527	-1.70309733856193	0.0256903051692447	2.14327145018533	0
2.92069643735148	-1.43121917015018	-1.70322439255862	0.0257164945822257	2.14434118415620	0
2.92669819031919	-1.43110493132359	-1.70330443717802	0.0257399669368573	2.14540463813763	0
2.93270211653453	-1.43098441202776	-1.70342904868734	0.0257656242455253	2.14647403420975	0
2.93871030121975	-1.43087304128204	-1.70350645488154	0.0257885118059376	2.14753705710264	0
2.94472051346180	-1.43075560072631	-1.70362825054962	0.0258135484159222	2.14860595285434	0
2.95073483743594	-1.43064751852082	-1.70370264247434	0.0258357617578168	2.14966837958378	0
2.95675103564564	-1.43053358037309	-1.70382124370017	0.0258600875048533	2.15073660724907	0
2.96277119109433	-1.43042921347115	-1.70389224025522	0.0258815356226156	2.15179826738888	0
2.96879305982845	-1.43031920775521	-1.70400726310268	0.0259050587475340	2.15286565383425	0
2.97481872354775	-1.43021898931362	-1.70407447783274	0.0259256490268760	2.15392637158075	0
2.98084593196822	-1.43011335251060	-1.70418553291818	0.0259482761455036	2.15499273827509	0
2.98687676534654	-1.43001772219377	-1.70424857388705	0.0259679143305392	2.15605233241297	0
2.99290896719416	-1.42991689737070	-1.70435526623833	0.0259895503975165	2.15711749538871	0
2.99894461617717	-1.42982630149473	-1.70441373587209	0.0260081405511785	2.15817577924715	0
3.00498144972556	-1.42973073846570	-1.70451566475385	0.0260286888165052	2.15923954905061	0
3.01102154475844	-1.42964563017795	-1.70456915964748	0.0260461332730233	2.16029633044746	0
3.01706263274354	-1.42955578570415	-1.70466591834690	0.0260654952299421	2.16135851207598	0
3.02310678868706	-1.42947662520537	-1.70471402902790	0.0260816945378649	2.16241359324741	0
3.02915173820743	-1.42939296324162	-1.70480520459385	0.0260997698604361	2.16347398607060	0
3.03519955422141	-1.42932021805878	-1.70484751523544	0.0261146227144079	2.16452716358327	0
3.04124795660362	-1.42924321005525	-1.70493268816303	0.0261313091828236	2.16558556124508	0
3.04729901599326	-1.42917735537472	-1.70496877623786	0.0261447123419849	2.16663662588738	0
3.05335044661627	-1.42910748064460	-1.70504752008848	0.0261599057533020	2.16769281618531	0
3.05940431663330	-1.42904899971712	-1.70507695595249	0.0261717539437861	2.16874155283359	0
3.06545833470512	-1.42898674588264	-1.70514883689794	0.0261853480053102	2.16979531757069	0
3.07151456629837	-1.42893613051398	-1.70517118329157	0.0261955338038002	2.17084150502582	0
3.07757071457724	-1.42888199404591	-1.70523575956839	0.0262074200058008	2.17189261983020	0
3.08362884208275	-1.42883974518956	-1.70525057102010	0.0262158337005061	2.17293603061867	0
3.08968664653363	-1.42879423205832	-1.70530739227748	0.0262259011642553	2.17398426472439	0
3.09574618729523	-1.42876086053030	-1.70531421439125	0.0262324305889001	2.17502466485722	0
3.10180515667134	-1.42872448699068	-1.70536282091241	0.0262405658851797	2.17606978083907	0
3.10786561058043	-1.42870051433071	-1.70536118951700	0.0262450962206355	2.17710692952028	0
3.11392523591739	-1.42867380786703	-1.70540111128933	0.0262511831527740	2.17814868297339	0
3.11998608485813	-1.42865976737579	-1.70539055142212	0.0262535966897568	2.17918233224808	0
3.12604583886574	-1.42864326784070	-1.70542130702596	0.0262575160338864	2.18022047140129	0
3.13210654604940	-1.42863970583004	-1.70540133171755	0.0262576918885813	2.18125036573100	0
3.13816588238313	-1.42863396681778	-1.70542242699594	0.0262593210820378	2.18228463098026	0
3.14422589155157	-1.42864144411979	-1.70539253581369	0.0262571348544986	2.18331050673030	0
3.15028424885939	-1.42864703462173	-1.70540346234789	0.0262563476235646	2.18434063091976	0
3.15634299317866	-1.42866612847941	-1.70536313942464	0.0262516709680274	2.18536221737523	0
3.16239979380869	-1.42868363496657	-1.70536337245116	0.0262483368576349	2.18638792503775	0
3.16845668436838	-1.42871494123607	-1.70531208468846	0.0262410369951471	2.18740494192468	0
3.17451132705755	-1.42874497011097	-1.70530108080313	0.0262350208196607	2.18842594742332	0
3.18056574973969	-1.42878910598637	-1.70523827512453	0.0262249599235823	2.18943810366998	0
3.18661760735605	-1.42883228656378	-1.70521546944054	0.0262161210990723	2.19045411005909	0
3.19266892143965	-1.42888989386398	-1.70514056974605	0.0262031555615511	2.19146110273444	0
3.19871733984371	-1.42894688203339	-1.70510537246376	0.0261913472883710	2.19247180064029	0
3.20476487710537	-1.42901863129169	-1.70501777575230	0.0261753268071279	2.19347331375844	0
3.21080917356722	-1.42909011406620	-1.70496956789336	0.0261603950560993	2.19447837995350	0
3.21685223599110	-1.42917670960199	-1.70486863954397	0.0261411615056297	2.19547408279649	0
3.22289169680388	-1.42926341080078	-1.70480676765626	0.0261229437539941	2.19647317834672	0
3.22892955406639	-1.42936559710284	-1.70469183546927	0.0261003297660285	2.19746272340687	0
3.23496343150373	-1.42946828453015	-1.70461560495164	0.0260786534025945	2.19845549132157	0
3.24099531735916	-1.42958685435547	-1.70448595164235	0.0260524805681395	2.19943851161901	0
3.24702282568243	-1.42970634897644	-1.70439461824525	0.0260271608575060	2.20042457382658	0
3.25304793352833	-1.42984215378392	-1.70424947178648	0.0259972374129261	2.20140067948564	0
3.25906824388045	-1.42997934163234	-1.70414223061017	0.0259680748565091	2.20237963291809	0
3.26508572088784	-1.43013330523247	-1.70398075164462	0.0259341926599312	2.20334840667564	0
3.27109795462523	-1.43028915313952	-1.70385672264713	0.0259009695138684	2.20431981810792	0
3.27710689413361	-1.43046228991455	-1.70367798772017	0.0258629000131133	2.20528080935478	0
3.28311011401441	-1.43063786674026	-1.70353619619944	0.0258253755925342	2.20624420847024	0
3.28910954529729	-1.43083130654504	-1.70333917490099	0.0257828643200833	2.20719692513668	0
3.29510274350947	-1.43102781260085	-1.70317852450513	0.0257407684979257	2.20815179496130	0
3.30109161771293	-1.43124283580773	-1.70296204736369	0.0256935273305494	2.20909569216104	0
3.30707369907098	-1.43146164498006	-1.70278128152312	0.0256465512386201	2.21004145543530	0
3.31305086906180	-1.43169973362677	-1.70254399323981	0.0255942471111360	2.21097591897069	0
3.31902062631216	-1.43194245620505	-1.70234163774180	0.0255420292835231	2.21191191790835	0
3.32498481632043	-1.43220537219254	-1.70208192582114	0.0254842669504326	2.21283623916365	0
3.33094089150908	-1.43247395366541	-1.70185619864727	0.0254263715547862	2.21376170370542	0
3.33689064795844	-1.43276386581385	-1.70157207764461	0.0253626656095469	2.21467503895528	0
3.34283146622748	-1.43306075358590	-1.70132073702605	0.0252985457481207	2.21558903313197	0
3.34876506933563	-1.43338046200475	-1.70100964451564	0.0252282712639412	2.21649033158949	0
3.35468870812962	-1.43370891595163	-1.70072970618472	0.0251572006781162	2.21739165259260	0
3.36060398465795	-1.43406229932031	-1.70038809687953	0.0250794949231487	2.21827951155331	0
3.36650784251199	-1.43442706208963	-1.70007522396453	0.0250004207202259	2.21916646431314	0
3.37240163915129	-1.43482016250081	-1.69969758810027	0.0249139450855888	2.22003876709054	0
3.37828112323184	-1.43522885103892	-1.69934481675211	0.0248251817532198	2.22090859213062	0
3.38414651426081	-1.43567439157345	-1.69891961228189	0.0247271323049321	2.22176091015285	0
3.38993753606182	-1.43615031407025	-1.69850501262845	0.0246235322236314	2.22259699884218	0
3.39565155389961	-1.43668718416793	-1.69799874045479	0.0245054211380581	2.22339942657654	0
3.40135602559631	-1.43723075009325	-1.69752286959638	0.0243868869833062	2.22420199311705	0
3.40705746151881	-1.43777719764906	-1.69700582387409	0.0242664658813417	2.22499735500718	0
3.41276767593349	-1.43831433707759	-1.69653524385320	0.0241491852495142	2.22580009891373	0
3.41848887121162	-1.43885645270745	-1.69602178418453	0.0240295527988224	2.22659742598046	0
3.42421563707261	-1.43938848099151	-1.69555555082024	0.0239132473642248	2.22740182565058	0
3.42995015948747	-1.43992497865668	-1.69504638088170	0.0237946734634481	2.22820033323582	0
3.43568381062117	-1.44045052581891	-1.69458558421315	0.0236796418996776	2.22900514293115	0
3.44141879696421	-1.44097976040610	-1.69408260163090	0.0235625036740190	2.22980321104642	0
3.44715156162345	-1.44149778466202	-1.69362824395984	0.0234489803609968	2.23060745378862	0
3.45288431877202	-1.44201926616759	-1.69313171391028	0.0233333838528144	2.23140477010662	0
3.45861239312007	-1.44252917470383	-1.69268428591035	0.0232215018693444	2.23220799830495	0
3.46433800724474	-1.44304218824281	-1.69219503773653	0.0231076145877965	2.23300399768362	0
3.47005851386851	-1.44354349274863	-1.69175502121543	0.0229974872758201	2.23380590476959	0
3.47577613741258	-1.44404776231431	-1.69127324946992	0.0228853729896394	2.23460054656065	0
3.48148779549178	-1.44454014802547	-1.69084092664886	0.0227770744310857	2.23540103906710	0
3.48719571421006	-1.44503531375645	-1.69036704600843	0.0226668203416859	2.23619418386849	0
3.49289762502205	-1.44551851131037	-1.68994269225349	0.0225604159844015	2.23699322504112	0
3.49859575312585	-1.44600438889878	-1.68947686343940	0.0224520677071732	2.23778494185984	0
3.50428766612696	-1.44647820212407	-1.68906067086751	0.0223476064717276	2.23858257989239	0
3.50997558817681	-1.44695458122555	-1.68860313530167	0.0222412174221770	2.23937289893050	0
3.51565741416945	-1.44741883739450	-1.68819528831615	0.0221387436501337	2.24016920421362	0
3.52133536622545	-1.44788558088217	-1.68774618318859	0.0220343499391429	2.24095823739497	0
3.52700727878745	-1.44834014096895	-1.68734682881056	0.0219339004063903	2.24175331313748	0
3.53267537187615	-1.44879710719874	-1.68690631783204	0.0218315400068476	2.24254115612650	0
3.53833761196996	-1.44924184643130	-1.68651559536476	0.0217331486094900	2.24333511316160	0
3.54399621663098	-1.44968892690141	-1.68608379697421	0.0216328517302514	2.24412189254180	0
3.54964913057444	-1.45012373839859	-1.68570182660375	0.0215365483826802	2.24491485324378	0
3.55529856888485	-1.45056082778457	-1.68527886499960	0.0214383449003143	2.24570068766831	0
3.56094252984048	-1.45098561491223	-1.68490575945875	0.0213441573778865	2.24649277582897	0
3.56658322593187	-1.45141262525660	-1.68449173680551	0.0212480731632454	2.24727779447886	0
3.57221864793726	-1.45182730285087	-1.68412759702971	0.0211560267052886	2.24806913673336	0
3.57785100576246	-1.45224415199211	-1.68372261337686	0.0210620865059082	2.24885346390086	0
3.58347831212589	-1.45264864332004	-1.68336753310698	0.0209722045444118	2.24964418565639	0
3.58910277432620	-1.45305526018427	-1.68297167566049	0.0208804305906168	2.25042794796973	0
3.59472240273385	-1.45344949730632	-1.68262573980957	0.0207927346131902	2.25121817392002	0
3.60033940206418	-1.45384581741015	-1.68223909072087	0.0207031477389470	2.25200149422061	0
3.60595179181894	-1.45422973993892	-1.68190237720780	0.0206176575808409	2.25279134670834	0
3.61156177414424	-1.45461570732173	-1.68152500945402	0.0205302767000803	2.25357434688196	0
3.61716736797825	-1.45498926248518	-1.68119758860873	0.0204470105017432	2.25436394608401	0
3.62277077292903	-1.45536482793119	-1.68082956905496	0.0203618530475514	2.25514674462824	0
3.62837001182038	-1.45572797003572	-1.68051150436590	0.0202808273751950	2.25593620789802	0
3.63396728175056	-1.45609309174435	-1.68015289220187	0.0201979091072330	2.25671892103415	0
3.63956060552950	-1.45644578213874	-1.67984424011784	0.0201191389441243	2.25750836296915	0
3.64515217778014	-1.45680042499315	-1.67949508807849	0.0200384741239464	2.25829110367622	0
3.65074002299580	-1.45714263180988	-1.67919589832955	0.0199619729233104	2.25908063585511	0
3.65632633335787	-1.45748676757741	-1.67885625211931	0.0198835742471006	2.25986351430840	0
3.66190913344633	-1.45781846566744	-1.67856656766914	0.0198093539349166	2.26065324531673	0
3.66749061303679	-1.45815207267292	-1.67823646646445	0.0197332326063896	2.26143636850498	0
3.67306879741527	-1.45847324345946	-1.67795632366317	0.0196613036072361	2.26222640383104	0
3.67864587398710	-1.45879630661385	-1.67763579991738	0.0195874693173225	2.26300987573040	0
3.68421986806283	-1.45910693802201	-1.67736522851033	0.0195178405606313	2.26380031777575	0
3.68979296471361	-1.45941944865463	-1.67705430817574	0.0194463015202935	2.26458423919858	0
3.69536318947091	-1.45971953501301	-1.67679333138929	0.0193789804550169	2.26537518723725	0
3.70093272510744	-1.46002149084025	-1.67649203386792	0.0193097433921025	2.26615965590160	0
3.70649959705771	-1.46031103281353	-1.67624066843873	0.0192447359935446	2.26695120608458	0
3.71206598583156	-1.46060243783585	-1.67594900669406	0.0191778061695613	2.26773631655441	0
3.71762991679617	-1.46088144234903	-1.67570726292758	0.0191151169490860	2.26852856189352	0
3.72319356823366	-1.46116230680145	-1.67542524349063	0.0190504981619465	2.26931440560611	0
3.72875496526977	-1.46143078697784	-1.67519312529698	0.0189901301733829	2.27010743597538	0
3.73431628399352	-1.46170112725561	-1.67492074833410	0.0189278247674250	2.27089410121702	0
3.73987554925243	-1.46195910235377	-1.67469825327484	0.0188697796142633	2.27168800334541	0
3.74543493497646	-1.46221894096012	-1.67443551261396	0.0188097884846308	2.27247557526116	0
3.75099246561688	-1.46246643631791	-1.67422263193949	0.0187540663256672	2.27327043273171	0
3.75655031297792	-1.46271580180443	-1.67396951511981	0.0186963889251688	2.27405899331403	0
3.76210650105054	-1.46295284878462	-1.67376623381044	0.0186429884801669	2.27485488655894	0
3.76766319954571	-1.46319177570185	-1.67352272211546	0.0185876228237102	2.27564451464930	0
3.77321843189699	-1.46341841164224	-1.67332901891838	0.0185365413781965	2.27644152094694	0
3.77877436575378	-1.46364694048933	-1.67309508741758	0.0184834840478963	2.27723229222826	0
3.78432902391617	-1.46386320865529	-1.67291093488480	0.0184347174576923	2.27803048569791	0
3.78988457200262	-1.46408138583526	-1.67268655246828	0.0183839636067822	2.27882247269161	0
3.79543903208955	-1.46428733537574	-1.67251191699245	0.0183375063019447	2.27962192428827	0
3.80099456779418	-1.46449521315217	-1.67229704640856	0.0182890496586968	2.28041519634688	0
3.80654920038671	-1.46469089905832	-1.67213188825876	0.0182448946471050	2.28121597385444	0
3.81210509151169	-1.46488853551581	-1.67192648614855	0.0181987275180389	2.28201059715535	0
3.81766026154423	-1.46507401858257	-1.67177075950479	0.0181568663885068	2.28281276517907	0
3.82321687018361	-1.46526147758940	-1.67157477643716	0.0181129796613573	2.28360880271580	0
3.82877293682307	-1.46543682437968	-1.67142842942453	0.0180734025863704	2.28441242267339	0
3.83433061924280	-1.46561417555346	-1.67124180992977	0.0180317857325496	2.28520993424648	0
3.83988793576418	-1.46577945836507	-1.67110478465166	0.0179944814705881	2.28601506435816	0
3.84544704227320	-1.46594677704078	-1.67092746725488	0.0179551225473216	2.28681410656442	0
3.85100595592903	-1.46610207387575	-1.67079969982568	0.0179200784448113	2.28762080184159	0
3.85656683074702	-1.46625944107637	-1.67063161707928	0.0178829640968662	2.28842142806225	0
3.86212768263202	-1.46640483561281	-1.67051303765637	0.0178501660897529	2.28922974029504	0
3.86769066375085	-1.46655233802231	-1.67035411617207	0.0178152815508142	2.29003200068261	0
3.87325378866058	-1.46668791958863	-1.67024464898734	0.0177847141657810	2.29084197842602	0
3.87881920770011	-1.46682564952732	-1.67009480946760	0.0177520432594737	2.29164591988990	0
3.88438493398400	-1.46695151307871	-1.66999437285831	0.0177236896148086	2.29245760844876	0
3.88995311604238	-1.46707956848079	-1.66985353012718	0.0176932147553730	2.29326327463947	0
3.89552176545067	-1.46719581457787	-1.66976203656638	0.0176670565614995	2.29407671605199	0
3.90109302894777	-1.46731429897116	-1.66963009959997	0.0176387587541467	2.29488414734411	0
3.90666491647256	-1.46742103376084	-1.66954745572640	0.0176147763138290	2.29569938036424	0
3.91223957298865	-1.46753005624859	-1.66942432768270	0.0175886351547615	2.29650861383816	0
3.91781500669873	-1.46762739144686	-1.66935043433024	0.0175668073629932	2.29732567391654	0
3.92339336080534	-1.46772706669149	-1.66923601257874	0.0175428010391365	2.29813674333872	0
3.92897264167476	-1.46781511956818	-1.66917076480549	0.0175231053827277	2.29895566260239	0
3.93455499076102	-1.46790556777702	-1.66906494095616	0.0175012106711465	2.29976859840452	0
3.94013841249163	-1.46798446114245	-1.66900822807308	0.0174836232280154	2.30058940563535	0
3.94572504658285	-1.46806580805515	-1.66891088800521	0.0174638154950626	2.30140423489209	0
3.95131289542062	-1.46813567024851	-1.66886259360445	0.0174483109332491	2.30222695550396	0
3.95690409699243	-1.46820804712632	-1.66877361749499	0.0174305641334221	2.30304370190956	0
3.96249665153772	-1.46826901200573	-1.66873361947784	0.0174171157098280	2.30386835792428	0
3.96809269532231	-1.46833255562230	-1.66865288182957	0.0174014023843816	2.30468704176790	0
3.97369022633385	-1.46838476255649	-1.66862105243422	0.0173899819432559	2.30551365178995	0
3.97929137912180	-1.46843961519028	-1.66854842210354	0.0173762732185497	2.30633428992983	0
3.98489414931527	-1.46848320905174	-1.66852462793249	0.0173668511897237	2.30716286911994	0
3.99050066975069	-1.46852951847982	-1.66845996815709	0.0173551167753392	2.30798547495647	0
3.99610893359126	-1.46856464963938	-1.66844407020439	0.0173476621722286	2.30881603500413	0
4.00172107196183	-1.46860256913268	-1.66838723863062	0.0173378703588542	2.30964061845179	0
4.00733507545133	-1.46862939345541	-1.66837909230889	0.0173323507762358	2.31047316754662	0
4.01295307347255	-1.46865908177515	-1.66832994101903	0.0173244684333410	2.31129973500495	0
4.01857305393160	-1.46867776061746	-1.66832939618632	0.0173208500449191	2.31213427780719	0
4.02419714452671	-1.46869938201286	-1.66828777172567	0.0173148426182199	2.31296283213074	0
4.02982333037200	-1.46871008222077	-1.66829467271217	0.0173130901739915	2.31379936974077	0
4.03545373744668	-1.46872380642772	-1.66826041611602	0.0173089216827293	2.31462991020831	0
4.04108634796363	-1.46872670033618	-1.66827460175067	0.0173089985061613	2.31546844013530	0
4.04672328617660	-1.46873270257701	-1.66824754857123	0.0173066315402011	2.31630096241807	0
4.05236253128834	-1.46872796801012	-1.66826885220821	0.0173084995252336	2.31714147854798	0
4.05800620581868	-1.46872642899426	-1.66824883254141	0.0173078952419929	2.31797597467740	0
4.06365228746513	-1.46871424925895	-1.66827708211749	0.0173115148527074	2.31881846748472	0
4.06930289700834	-1.46870535518496	-1.66826392057392	0.0173126329712896	2.31965492629015	0
4.07495601105163	-1.46868591905478	-1.66829893865121	0.0173179632428480	2.32049938312501	0
4.08061374863383	-1.46866986158301	-1.66829245443829	0.0173207620488283	2.32133779036487	0
4.08627408117018	-1.46864336330319	-1.66833405817362	0.0173277605809990	2.32218419489804	0
4.09193912594327	-1.46862033955272	-1.66833406525942	0.0173321969303082	2.32302453206590	0
4.09760685042035	-1.46858697885386	-1.66838206646023	0.0173408198831986	2.32387286386771	0
4.10327937011219	-1.46855719144107	-1.66838837341079	0.0173468491831781	2.32471510852767	0
4.10895464815803	-1.46851717355533	-1.66844257852197	0.0173570512693154	2.32556534318661	0
4.11463479827799	-1.46848083059204	-1.66845498862752	0.0173646274806041	2.32640946887335	0
4.12031777972886	-1.46843436625957	-1.66851519877806	0.0173763619615964	2.32726157800541	0
4.12600570441963	-1.46839168136846	-1.66853351000694	0.0173854375888062	2.32810755434081	0
4.13169652752275	-1.46833898684566	-1.66859952102170	0.0173986562700210	2.32896150561904	0
4.13739235911308	-1.46829017916285	-1.66862352608629	0.0174091823599687	2.32980929825408	0
4.14309115040558	-1.46823147622747	-1.66869512852091	0.0174238355868294	2.33066505539394	0
4.14879500961621	-1.46817677041050	-1.66872461487660	0.0174357617226220	2.33151462603668	0
4.15450188387226	-1.46811228636741	-1.66880159403864	0.0174517983761165	2.33237214878922	0
4.16021387950376	-1.46805191259921	-1.66883634392627	0.0174650726739600	2.33322345516308	0
4.16592893955308	-1.46798188028507	-1.66891847990530	0.0174824401667094	2.33408269929063	0
4.17164916843553	-1.46791607427937	-1.66895827036758	0.0174970092711801	2.33493569512728	0
4.17737250501108	-1.46784073206748	-1.66904533805988	0.0175156535431906	2.33579661238265	0
4.18310105174941	-1.46776973507299	-1.66908994097473	0.0175314626234895	2.33665124738752	0
4.18883274328691	-1.46768932687754	-1.66918171011150	0.0175513281381001	2.33751378548678	0
4.19456968011487	-1.46761338568226	-1.66923089221526	0.0175683208837425	2.33837000531911	0
4.20030979256824	-1.46752816096249	-1.66932712738862	0.0175893506234521	2.33923410791644	0
4.20605517912521	-1.46744752789746	-1.66938065030594	0.0176074692403237	2.34009185415915	0
4.21180376576799	-1.46735774166130	-1.66948111099639	0.0176296047026975	2.34095746082008	0
4.21755764892507	-1.46727267460400	-1.66953873126606	0.0176487899089173	2.34181667095647	0
4.22331475016419	-1.46717858741140	-1.66964317186898	0.0176719711024628	2.34268371713291	0
4.22907716382560	-1.46708934978863	-1.66970464097244	0.0176921621243998	2.34354432452029	0
4.23484280701605	-1.46699122775432	-1.66981281082513	0.0177163275644897	2.34441274152608	0
4.24061377194712	-1.46689808854464	-1.66987787521332	0.0177374621327339	2.34527467537330	0
4.24638797121900	-1.46679620334037	-1.66998951862159	0.0177625488375418	2.34614439036161	0
4.25216749487223	-1.46669943707581	-1.67005791974273	0.0177845631829559	2.34700757570670	0
4.25795025096587	-1.46659406593198	-1.67017277600755	0.0178105066694313	2.34787851164899	0
4.26373832732513	-1.46649395269929	-1.67024425033415	0.0178333355192148	2.34874286933958	0
4.26952962743953	-1.46638537840596	-1.67036205377799	0.0178600697990866	2.34961494500665	0
4.27532623687265	-1.46628220384708	-1.67043633283403	0.0178836463728897	2.35048039168194	0
4.28112605452589	-1.46617071475431	-1.67055681282687	0.0179111039487007	2.35135352162701	0
4.28693116365292	-1.46606477006624	-1.67063362321437	0.0179353599547604	2.35221996970222	0
4.29273945855689	-1.46595066008382	-1.67075650419936	0.0179634718159224	2.35309406424634	0
4.29855302013122	-1.46584224201785	-1.67083556762459	0.0179883374472200	2.35396142189928	0
4.30436973808028	-1.46572581061438	-1.67096056914303	0.0180170330660723	2.35483638711897	0
4.31019169088481	-1.46561522147473	-1.67104160244209	0.0180424369964883	2.35570455827905	0
4.31601676365967	-1.46549677367620	-1.67116843915773	0.0180716443243403	2.35658029599634	0
4.32184703241825	-1.46538432131816	-1.67125115432116	0.0180975137047787	2.35744918033592	0
4.32768037770482	-1.46526416770608	-1.67137953604347	0.0181271591679006	2.35832558811080	0
4.33351887300846	-1.46515016553380	-1.67146364023986	0.0181534196223438	2.35919508103889	0
4.33936039433176	-1.46502862224303	-1.67159327194609	0.0181834281178609	2.36007205216396	0
4.34520701258024	-1.46491338920713	-1.67167846754422	0.0182100037393029	2.36094204482221	0
4.35105659925340	-1.46479077792368	-1.67180904939985	0.0182402986309338	2.36181946831966	0
4.35691122261140	-1.46467463851894	-1.67189503398910	0.0182671119771230	2.36268984758047	0
4.36276874969920	-1.46455128647801	-1.67202626136634	0.0182976150906856	2.36356760820108	0
4.36863124606720	-1.46443457074145	-1.67211272777488	0.0183245871795915	2.36443825666776	0
4.37449657436381	-1.46431081072606	-1.67224429126871	0.0183552187981808	2.36531623489181	0
4.38036679736249	-1.46419385423583	-1.67233092757892	0.0183822691030748	2.36618703090046	0
4.38623977338229	-1.46407002457651	-1.67246251302015	0.0184129479617899	2.36706510294027	0
4.39211756234965	-1.46395316845216	-1.67254900258077	0.0184399944058051	2.36793592056317	0
4.39799801833012	-1.46382961302827	-1.67268029104541	0.0184706376858771	2.36881395836690	0
4.40388319832994	-1.46371320393298	-1.67276631247957	0.0184975966358847	2.36968466741697	0
4.40977095224562	-1.46359027217643	-1.67289698029373	0.0185281199580258	2.37056253867338	0
4.41566333408673	-1.46347466232201	-1.67298220750198	0.0185549062176233	2.37143300470932	0
4.42155818967245	-1.46335270922414	-1.67311192624139	0.0185852236343745	2.37231057285296	0
4.42745756993578	-1.46323825637977	-1.67319602839890	0.0186117504357487	2.37318065718460	0
4.43335931671762	-1.46311764250257	-1.67332446488187	0.0186417744225647	2.37405778140081	0
4.43926547779077	-1.46300471000836	-1.67340710642830	0.0186679534169361	2.37492734109401	0
4.44517389112273	-1.46288580150112	-1.67353392270100	0.0186975948616888	2.37580387632327	0
4.45108660123854	-1.46277475828796	-1.67361476332192	0.0187233361079938	2.37667276420365	0
4.45700144234262	-1.46265792691099	-1.67373961663416	0.0187525042985205	2.37754856114430	0
4.46292045562050	-1.46254914752820	-1.67381831123221	0.0187777162499224	2.37841662579906	0
4.46884147162808	-1.46243477068523	-1.67394085400235	0.0188063188591726	2.37929153090773	0
4.47476652811517	-1.46232863533798	-1.67401705265629	0.0188309083469162	2.38015861668461	0
4.48069345210696	-1.46221709611947	-1.67413693242283	0.0188588514151723	2.38103247217323	0
4.48662427781651	-1.46211399071823	-1.67421028033225	0.0188827236292125	2.38189841917560	0
4.49255682885833	-1.46200567795789	-1.67432713968997	0.0189099115427672	2.38277106300399	0
4.49849313580270	-1.46190599418250	-1.67439727710298	0.0189329700084981	2.38363570708080	0
4.50443101897409	-1.46180130253003	-1.67451075362069	0.0189593054740563	2.38450697294350	0
4.51037250518842	-1.46170543791164	-1.67457731574178	0.0189814520243573	2.38537014567275	0
4.51631541160084	-1.46160476792491	-1.67468704185844	0.0190068360383155	2.38623986297861	0
4.52226176115549	-1.46151312594923	-1.67474965873266	0.0190279707799821	2.38710139164290	0
4.52820936795691	-1.46141688421005	-1.67485526162811	0.0190523025915762	2.38796938548585	0
4.53416025095369	-1.46132987444641	-1.67491355799783	0.0190723238650578	2.38882909303801	0
4.54011222131589	-1.46123847370428	-1.67501465943362	0.0190955009322102	2.38969518415711	0
4.54606729386594	-1.46115651196537	-1.67506825456265	0.0191143052633688	2.39055288917421	0
4.55202327695029	-1.46107037131491	-1.67516447068779	0.0191362231998409	2.39141689390066	0
4.55798218112713	-1.46099387985320	-1.67521297814773	0.0191537052422424	2.39227241052362	0
4.56394181202510	-1.46091342495145	-1.67530391926333	0.0191742577544758	2.39313414071243	0
4.56990417579191	-1.46084283269915	-1.67534694667505	0.0191903102204308	2.39398727856902	0
4.57586707543567	-1.46076849603047	-1.67543221695056	0.0192093890321432	2.39484654151227	0
4.58183251253830	-1.46070423889138	-1.67546936567342	0.0192239026104189	2.39569710561993	0
4.58779828757579	-1.46063646008877	-1.67554856280614	0.0192413973726850	2.39655370393830	0
4.59376639739907	-1.46057898129157	-1.67557942756553	0.0192542606303964	2.39740149458337	0
4.59973464002892	-1.46051820752508	-1.67565214237328	0.0192700588145032	2.39825522609190	0
4.60570500740890	-1.46046795804986	-1.67567631081559	0.0192811580802329	2.39910003868084	0
4.61167529516808	-1.46041464449476	-1.67574212675057	0.0192951448500764	2.39995069622430	0
4.61764749015369	-1.46037208358651	-1.67575917891259	0.0193043640746802	2.40079232110179	0
4.62361938565092	-1.46032669398643	-1.67581767148217	0.0193164221348222	2.40163969235393	0
4.62959296320750	-1.46029228977225	-1.67582717915908	0.0193236427256592	2.40247791458167	0
4.63556601379429	-1.46025529711564	-1.67587791523613	0.0193336521403551	2.40332178180178	0
4.64154051344003	-1.46022952734590	-1.67587944122916	0.0193387527637746	2.40415638089070	0
4.64751425080923	-1.46020141467811	-1.67592197823102	0.0193465907412703	2.40499652062923	0
4.65348919617329	-1.46018476761617	-1.67591507545147	0.0193494470870556	2.40582727021607	0
4.65946313587357	-1.46016602901455	-1.67594896036179	0.0193549877221718	2.40666345295943	0
4.66543803416385	-1.46015900450542	-1.67593317076297	0.0193554722221844	2.40749012041679	0
4.67141167501619	-1.46015014625112	-1.67595793896466	0.0193585861885628	2.40832211015924	0
4.67738601638054	-1.46015325700670	-1.67593279226637	0.0193565676799756	2.40914445612546	0
4.68335884161304	-1.46015479899277	-1.67594796617430	0.0193571218632840	2.40997201011068	0
4.68933210204663	-1.46016857216076	-1.67591297825646	0.0193524651759886	2.41078978841475	0
4.69530358261346	-1.46018104962172	-1.67591806564253	0.0193503222251154	2.41161265707884	0
4.70127522768586	-1.46020602871859	-1.67587273662689	0.0193428876781454	2.41242561466839	0
4.70724481685558	-1.46022999434973	-1.67586722845254	0.0193379054499518	2.41324354023926	0
4.71321428713788	-1.46026674148567	-1.67581104079538	0.0193275482887776	2.41405141453711	0
4.71918141475033	-1.46030276792322	-1.67579440886897	0.0193195792093638	2.41486412950910	0
4.72514812890014	-1.46035186661515	-1.67572682436230	0.0193061488633125	2.41566664795819	0
4.73111220146088	-1.46040054950470	-1.67569851831873	0.0192950391323066	2.41647387417774	0
4.73707555331227	-1.46046260802974	-1.67561897501667	0.0192783783578852	2.41727075285676	0
4.74303595248138	-1.46052456978633	-1.67557841873151	0.0192639669808562	2.41807220018926	0
4.74899531091572	-1.46060022540613	-1.67548632678113	0.0192439107674924	2.41886314250765	0
4.75495139203874	-1.46067611990252	-1.67543291385103	0.0192260283480814	2.41965850721990	0
4.76090609815263	-1.46076604407997	-1.67532765056088	0.0192024025799535	2.42044320196501	0
4.76685718779226	-1.46085656251087	-1.67526073871050	0.0191808698135966	2.42123216461901	0
4.77280655276131	-1.46096146751986	-1.67514164219838	0.0191534895697170	2.42201028366095	0
4.77875194577791	-1.46106734584291	-1.67506054617973	0.0191281153335720	2.42279250646465	0
4.78469524710999	-1.46118799317380	-1.67492690739997	0.0190967827333233	2.42356370170646	0
4.79063420272439	-1.46131002166226	-1.67483088991943	0.0190673616380808	2.42433882508779	0
4.79657068006885	-1.46144723292055	-1.67468194230373	0.0190318630482907	2.42510272459402	0
4.80250241689992	-1.46158626863802	-1.67457020219405	0.0189981722442055	2.42587036274936	0
4.80843126622091	-1.46174093989186	-1.67440510808129	0.0189582746083160	2.42662656561205	0
4.81435495572907	-1.46189792329389	-1.67427676460454	0.0189200695395702	2.42738630059026	0
4.82027532187830	-1.46207104439426	-1.67409459698877	0.0188755154386787	2.42813437007166	0
4.82619007966954	-1.46224702195266	-1.67394866848608	0.0188325240632211	2.42888574374682	0
4.83210104619882	-1.46243970321578	-1.67374838587537	0.0187830249028433	2.42962519782549	0
4.83800592006184	-1.46263585914602	-1.67358375988647	0.0187349395948208	2.43036770067880	0
4.84390649511478	-1.46284936941418	-1.67336417050131	0.0186801658956767	2.43109799863090	0
4.84980044797830	-1.46306707179068	-1.67317956040750	0.0186266316872995	2.43183105350576	0
4.85568954366096	-1.46330289494104	-1.67293926912807	0.0185661986852595	2.43255157604701	0
4.86157142795830	-1.46354376583615	-1.67273314831251	0.0185067954010716	2.43327451350713	0
4.86744782845587	-1.46380368914041	-1.67247047386357	0.0184402405542068	2.43398453183241	0
4.87331634460140	-1.46406971782263	-1.67224096959797	0.0183744540059860	2.43469655042408	0
4.87917865239945	-1.46435597996292	-1.67195380606566	0.0183011993573466	2.43539517437828	0
4.88503227351234	-1.46464972091940	-1.67169851409519	0.0182283710039530	2.43609527086647	0
4.89087880628499	-1.46496528503065	-1.67138407594846	0.0181476538352641	2.43678135299791	0
4.89671561418204	-1.46529024681990	-1.67109969665472	0.0180668820233016	2.43746818342713	0
4.90254416087405	-1.46563938301013	-1.67075397601759	0.0179776071065884	2.43814011158248	0
4.90836134371126	-1.46600093686185	-1.67043546374611	0.0178875164594446	2.43881165115652	0
4.91416831826893	-1.46639082391452	-1.67005174342012	0.0177878504950972	2.43946675662131	0
4.91995966552765	-1.46679425553501	-1.66969407245575	0.0176870801227285	2.44012053604151	0
4.92572823223529	-1.46726576813046	-1.66923439032607	0.0175666748805458	2.44074435199220	0
4.93132055315998	-1.46773627680211	-1.66881179048419	0.0174486871125621	2.44134943465054	0
4.93673017964329	-1.46825377263588	-1.66831412135665	0.0173168109079738	2.44191069780115	0
4.94196805210105	-1.46872930722612	-1.66788494641261	0.0171973076953301	2.44246517748364	0
4.94703459196832	-1.46918098439976	-1.66744919552367	0.0170820002137088	2.44299900608230	0
4.95222446017417	-1.46963990921047	-1.66703701187722	0.0169666814692069	2.44355069651896	0
4.95753961004952	-1.47011531369689	-1.66657194851948	0.0168447897889244	2.44410762816999	0
4.96289627835027	-1.47058638199697	-1.66614764732095	0.0167262234818270	2.44467593629948	0
4.96829634390630	-1.47106462246409	-1.66568288009723	0.0166036617795877	2.44524193870817	0
4.97375509332492	-1.47153932930761	-1.66525624134362	0.0164841144426055	2.44582103115230	0
4.97927435747471	-1.47202278990103	-1.66478302502701	0.0163598656869187	2.44639885653449	0
4.98480738271305	-1.47249780532909	-1.66435550547785	0.0162400762562677	2.44698574838030	0
4.99035613162347	-1.47297702780233	-1.66388744097251	0.0161168410041905	2.44756708328138	0
4.99592598331210	-1.47344834520599	-1.66346363162785	0.0159978820648024	2.44815814857326	0
5.00151890422091	-1.47392459832697	-1.66299655522007	0.0158751510244472	2.44874407735118	0
5.00711371075742	-1.47439089896147	-1.66257695932348	0.0157573138849605	2.44933803265508	0
5.01271242873991	-1.47486021609931	-1.66211667099146	0.0156362320955033	2.44992502786923	0
5.01831602476624	-1.47531977029353	-1.66170328199207	0.0155199847554254	2.45052033858433	0
5.02392652656766	-1.47578258872807	-1.66124813007692	0.0154003653398885	2.45110887507105	0
5.02953407051947	-1.47623479300530	-1.66084121949656	0.0152858469331393	2.45170505885894	0
5.03514070642982	-1.47668945269314	-1.66039363475103	0.0151681739011463	2.45229374287104	0
5.04074562481175	-1.47713353864314	-1.65999408853554	0.0150555959233277	2.45289021925425	0
5.04635087466622	-1.47758013258676	-1.65955349276563	0.0149398187166681	2.45347929311460	0
5.05195134163389	-1.47801579153784	-1.65916149401840	0.0148292580613368	2.45407592414997	0
5.05754908108868	-1.47845360411694	-1.65872892484945	0.0147155884367332	2.45466488758406	0
5.06314262151691	-1.47888047112903	-1.65834489543161	0.0146071487739937	2.45526149936809	0
5.06873401590983	-1.47930947537297	-1.65792019529198	0.0144955870077746	2.45585050957458	0
5.07432010155998	-1.47972737226245	-1.65754427293049	0.0143893172908388	2.45644710895860	0
5.07990293157439	-1.48014723687568	-1.65712791230451	0.0142799640659215	2.45703602965390	0
5.08548080049536	-1.48055597029673	-1.65676032316559	0.0141759221481320	2.45763261007516	0
5.09105575826460	-1.48096663472128	-1.65635229933697	0.0140687945528757	2.45822156662638	0
5.09662543903010	-1.48136608886665	-1.65599315335598	0.0139670156416257	2.45881819364982	0
5.10219189042821	-1.48176738143174	-1.65559370379968	0.0138621682973522	2.45940719475584	0
5.10775332903181	-1.48215743977473	-1.65524314091260	0.0137626898051898	2.46000392801995	0
5.11331179896670	-1.48254929713111	-1.65485231414434	0.0136601438254044	2.46059308525901	0
5.11886526017997	-1.48292987740741	-1.65451042468396	0.0135629932604493	2.46119001202828	0
5.12441575358880	-1.48331219829411	-1.65412835844867	0.0134627831138545	2.46177938955232	0
5.12996147248620	-1.48368322228897	-1.65379524034688	0.0133679877494009	2.46237659343952	0
5.13550445415446	-1.48405595090978	-1.65342199481538	0.0132701339233063	2.46296629476493	0
5.14104279290345	-1.48441735754877	-1.65309772274669	0.0131777161735939	2.46356386886233	0
5.14657852249776	-1.48478042769841	-1.65273338883142	0.0130822432679433	2.46415397714746	0
5.15210983136131	-1.48513216138583	-1.65241803656815	0.0129922244461373	2.46475201150279	0
5.15763874960507	-1.48548552800811	-1.65206267119076	0.0128991506803978	2.46534262387517	0
5.16316342808379	-1.48582754347418	-1.65175629967569	0.0128115492416541	2.46594121063030	0
5.16868589331295	-1.48617116133243	-1.65140996791895	0.0127208934338761	2.46653241444246	0
5.17420433466561	-1.48650341911323	-1.65111263401055	0.0126357264375474	2.46713164281946	0
5.17972077503328	-1.48683725467690	-1.65077538403320	0.0125475039869615	2.46772352923971	0
5.18523339007787	-1.48715972287439	-1.65048713591478	0.0124647864341644	2.46832348755525	0
5.19074419910682	-1.48748374616709	-1.65015901536142	0.0123790120130805	2.46891614212216	0
5.19625139403745	-1.48779639867489	-1.64987989597580	0.0122987574184059	2.46951691578192	0
5.20175699060392	-1.48811058771511	-1.64956094227674	0.0122154434397261	2.47011042379326	0
5.20725917622602	-1.48841340482954	-1.64929098757531	0.0121376635852466	2.47071209608516	0
5.21275996309898	-1.48871774249775	-1.64898123434707	0.0120568212426164	2.47130653884005	0
5.21825754592691	-1.48901071020003	-1.64872047465276	0.0119815264041832	2.47190919013432	0
5.22375393339068	-1.48930518587046	-1.64841994796345	0.0119031650911971	2.47250464707496	0
5.22924731920260	-1.48958829601426	-1.64816840731759	0.0118303639501874	2.47310835513964	0
5.23473970856152	-1.48987290433221	-1.64787712819649	0.0117544916645418	2.47370490235760	0
5.24022929879700	-1.49014615433410	-1.64763482491308	0.0116841913999094	2.47430974204187	0
5.24571809165466	-1.49042089579317	-1.64735280792714	0.0116108145261697	2.47490745313262	0
5.25120428475351	-1.49068428866705	-1.64711975436311	0.0115430207854347	2.47551349649473	0
5.25668987641697	-1.49094916911437	-1.64684700861385	0.0114721442542066	2.47611244196561	0
5.26217306633162	-1.49120271332174	-1.64662321140701	0.0114068611929990	2.47671975814949	0
5.26765584942811	-1.49145774414256	-1.64635974000122	0.0113384884020038	2.47732000576288	0
5.27313642609638	-1.49170145357432	-1.64614520000287	0.0112757186768757	2.47792866105187	0
5.27861678790393	-1.49194665147631	-1.64589100046079	0.0112098515554831	2.47853027559199	0
5.28409513660354	-1.49218054536750	-1.64568571284924	0.0111495963425691	2.47914033336217	0
5.28957346042815	-1.49241593242184	-1.64544077692039	0.0110862353250551	2.47974337677424	0
5.29504996190824	-1.49264003531782	-1.64524473119514	0.0110284943205376	2.48035489751803	0
5.30052662597018	-1.49286563885230	-1.64500904503674	0.0109676383737458	2.48095942881733	0
5.30600165613893	-1.49307998055158	-1.64482222508227	0.0109124098038719	2.48157247012670	0
5.31147703406135	-1.49329583314158	-1.64459576920749	0.0108540564197692	2.48217854545556	0
5.31695096398025	-1.49350044865971	-1.64441815331014	0.0108013370436244	2.48279316203269	0
5.32242542428912	-1.49370658806572	-1.64420090267614	0.0107454822522779	2.48340083462530	0
5.32789861998925	-1.49390151759215	-1.64403246356732	0.0106952673679117	2.48401707827662	0
5.33337252624586	-1.49409798673531	-1.64382438757374	0.0106419057368312	2.48462639848220	0
5.33884534866358	-1.49428327559980	-1.64366509245447	0.0105941891843464	2.48524431812286	0
5.34431905920338	-1.49447012251935	-1.64346615499526	0.0105433138253051	2.48585533339153	0
5.34979186404303	-1.49464582115731	-1.64331596557036	0.0104980879909508	2.48647497504259	0
5.35526573196220	-1.49482309898363	-1.64312612505056	0.0104496905613683	2.48708772993392	0
5.36073886960332	-1.49498926290657	-1.64298499755510	0.0104069463802184	2.48770913672315	0
5.36621324258649	-1.49515702982904	-1.64280420692776	0.0103610170871237	2.48832367289921	0
5.37168705795940	-1.49531371959617	-1.64267209215673	0.0103207440458818	2.48894688505835	0
5.37716227820308	-1.49547203883839	-1.64250029894571	0.0102772716475571	2.48956324128520	0
5.38263711067903	-1.49561932003150	-1.64237714228024	0.0102394577865771	2.49018829614806	0
5.38811351474844	-1.49576825982587	-1.64221428861040	0.0101984295949448	2.49080650829046	0
5.39358969801396	-1.49590620302611	-1.64210003004477	0.0101630615100615	2.49143344028895	0
5.39906761673487	-1.49604583659265	-1.64194605266624	0.0101244633919531	2.49205354130777	0
5.40454547866891	-1.49617451735985	-1.64184062683314	0.0100915262357812	2.49268238196770	0
5.41002523698997	-1.49630492288606	-1.64169545714802	0.0100553426142559	2.49330440191404	0
5.41550509953131	-1.49642442174009	-1.64159879334367	0.0100248200971912	2.49393517984942	0
5.42098701639660	-1.49654568236370	-1.64146235743008	0.00999103395221612	2.49455914585916	0
5.42646919540913	-1.49665608476805	-1.64137437963833	0.00996290834301807	2.49519188676584	0
5.43195358361606	-1.49676828856141	-1.64124659827491	0.00993150121194311	2.49581782305228	0
5.43743838874658	-1.49686968490872	-1.64116722519088	0.00990575333799088	2.49645254970031	0
5.44292555480359	-1.49697292486545	-1.64104801388008	0.00987670531558828	2.49708047754635	0
5.44841328933539	-1.49706541046508	-1.64097715893310	0.00985331456277636	2.49771720977151	0
5.45390353331137	-1.49715978448848	-1.64086642792416	0.00982660430098657	2.49834714752051	0
5.45939449401150	-1.49724345955593	-1.64080399930014	0.00980554861329607	2.49898590221473	0
5.46488810938086	-1.49732907044933	-1.64070165361136	0.00978115332062762	2.49961786526054	0
5.47038258634203	-1.49740404009749	-1.64064755427461	0.00976240919937289	2.50025865636143	0
5.47587985982341	-1.49748099555637	-1.64055349371519	0.00974030463999903	2.50089265713731	0
5.48137813630010	-1.49754736978850	-1.64050762142978	0.00972384714276721	2.50153549561662	0
5.48687934768987	-1.49761578239429	-1.64042174062109	0.00970400763531415	2.50217154358337	0
5.49238169992879	-1.49767367609865	-1.64038398797166	0.00968981037460595	2.50281643743457	0
5.49788712192845	-1.49773366331416	-1.64030617636813	0.00967220879065666	2.50345453906753	0
5.50339381899335	-1.49778319626029	-1.64027643078030	0.00966024393224241	2.50410149329243	0
5.50890371703173	-1.49783488042669	-1.64020657268981	0.00964485169455823	2.50474165206777	0
5.51441502062285	-1.49787617726312	-1.64018471645016	0.00963508995555925	2.50539066866231	0
5.51992965267273	-1.49791968559837	-1.64012269105410	0.00962187703603662	2.50603288504228	0
5.52544581694071	-1.49795287585184	-1.64010860132979	0.00961428768274514	2.50668396298140	0
5.53096543333007	-1.49798834045059	-1.64005428270275	0.00960322260011971	2.50732823439889	0
5.53648670468469	-1.49801355852657	-1.64004783156074	0.00959777344556857	2.50798136962065	0
5.54201154790295	-1.49804111636127	-1.64000108868984	0.00958882326287586	2.50862769046290	0
5.54753816481697	-1.49805850154578	-1.64000214311586	0.00958548066417075	2.50928287585180	0
5.55306846931634	-1.49807829446911	-1.63996283991985	0.00957861098597857	2.50993123744336	0
5.55860066212452	-1.49808799093175	-1.63997126183704	0.00957733984140442	2.51058846281298	0
5.56413665411676	-1.49810016568018	-1.63993925718508	0.00957251481082892	2.51123885339808	0
5.56967464481067	-1.49810232247826	-1.63995490347237	0.00957327855674481	2.51189810547308	0
5.57521654205987	-1.49810703067665	-1.63993005120261	0.00957046085225956	2.51255051019730	0
5.58076054407835	-1.49810180176040	-1.63995277371292	0.00957322145979110	2.51321177259483	0
5.58630855568918	-1.49809919992766	-1.63993492265088	0.00957237229185208	2.51386617348624	0
5.59185877652915	-1.49808674413352	-1.63996456828408	0.00957709027012452	2.51452942704148	0
5.59741310838839	-1.49807699368813	-1.63995356216515	0.00957816937048409	2.51518580364443	0
5.60296974964304	-1.49805747473417	-1.63998997284390	0.00958480376208854	2.51585102641358	0
5.60853059904320	-1.49804074196056	-1.63998565053969	0.00958776940404243	2.51650935519507	0
5.61409385217899	-1.49801432845564	-1.64002866322934	0.00959627778112182	2.51717652196103	0
5.61966140474730	-1.49799078453651	-1.64003085868341	0.00960108676466559	2.51783677593772	0
5.62523144989690	-1.49795765000334	-1.64008030539278	0.00961142522080060	2.51850585806990	0
5.63080588025615	-1.49792747104016	-1.64008884761710	0.00961803286467828	2.51916800688855	0
5.63638288667184	-1.49788779393199	-1.64014455541087	0.00963015600889880	2.51983897240165	0
5.64196435868649	-1.49785116096017	-1.64015926850049	0.00963851614509742	2.52050298237373	0
5.64754848493667	-1.49780512467455	-1.64022105951598	0.00965237709679452	2.52117579595694	0
5.65313715185999	-1.49776222367714	-1.64024176265902	0.00966244206493839	2.52184163008080	0
5.65872854589078	-1.49771001656835	-1.64030945412222	0.00967799244895547	2.52251625311092	0
5.66432455034095	-1.49766103848815	-1.64033596161674	0.00968971309152807	2.52318387107496	0
5.66992334943101	-1.49760285387896	-1.64040936585982	0.00970690303349884	2.52386026161728	0
5.67552682332467	-1.49754799463029	-1.64044148712884	0.00972022869096865	2.52452961979779	0
5.68113315398437	-1.49748403082333	-1.64052041160727	0.00973900681265862	2.52520773260034	0
5.68674421840156	-1.49742349130336	-1.64055795121634	0.00975388531886291	2.52587878405189	0
5.69235819622931	-1.49735395159242	-1.64064219852653	0.00977419873355359	2.52655857053481	0
5.69797696126125	-1.49728793769242	-1.64068495620069	0.00979057641102301	2.52723126497847	0
5.70359869077909	-1.49721303037362	-1.64077432409737	0.00981237071887007	2.52791267322107	0
5.70922525535148	-1.49714175299008	-1.64082209473908	0.00983019237422713	2.52858695703012	0
5.71485482982609	-1.49706169137290	-1.64091637615300	0.00985341165761848	2.52926993175629	0
5.72048928151800	-1.49698536641849	-1.64096894985984	0.00987262057695277	2.52994574794149	0
5.72612678277658	-1.49690036883682	-1.64106793291536	0.00989720739585379	2.53063023050472	0
5.73176919763330	-1.49681921725118	-1.64112509499827	0.00991774534013214	2.53130751869910	0
5.73741469587787	-1.49672950707396	-1.64122856303107	0.00994364072743966	2.53199344706745	0
5.74306513822669	-1.49664375483423	-1.64129009403249	0.00996544792792619	2.53267214351159	0
5.74871869185143	-1.49654956047601	-1.64139782560737	0.00999259138483848	2.53335945225320	0
5.75437721412058	-1.49645943860705	-1.64146350131968	0.0100156065385536	2.53403948978114	0
5.76003886953407	-1.49636099353805	-1.64157527024838	0.0100439360299711	2.53472811005055	0
5.76570551207826	-1.49626673812221	-1.64164486173241	0.0100680962951935	2.53540941807664	0
5.77137530353316	-1.49616428087801	-1.64176043709161	0.0100975482451639	2.53609927760216	0
5.77705009446743	-1.49606613306448	-1.64183371069524	0.0101227892369897	2.53678178210916	0
5.78272804389913	-1.49595990725520	-1.64195285684450	0.0101532985242087	2.53747280518151	0
5.78841099894229	-1.49585811326875	-1.64202957422146	0.0101795543101768	2.53815642871000	0
5.79409711581780	-1.49574836758762	-1.64215205082132	0.0102110542635554	2.53884853617238	0
5.79978823814678	-1.49564317873674	-1.64223196894992	0.0102382573593494	2.53953319781171	0
5.80548251932508	-1.49553016696806	-1.64235753097992	0.0102706797536548	2.54022630705147	0
5.81118179944131	-1.49542183965246	-1.64244040218192	0.0102987611188863	2.54091192243232	0
5.81688422904618	-1.49530582067882	-1.64256879995871	0.0103320361704629	2.54160594737427	0
5.82259164465483	-1.49519461639616	-1.64265437191804	0.0103609252045372	2.54229242866296	0
5.82830219396068	-1.49507585420500	-1.64278535111327	0.0103949815671046	2.54298727976444	0
5.83401770986307	-1.49496203955691	-1.64287336689475	0.0104246061051704	2.54367453565896	0
5.83973633719468	-1.49484080324630	-1.64300666855291	0.0104593708656978	2.54437011990670	0
5.84545990519528	-1.49472464994365	-1.64309686662069	0.0104896571746682	2.54505805563472	0
5.85118655584197	-1.49460121372734	-1.64323222717657	0.0105250558493132	2.54575427654359	0
5.85691811466974	-1.49448299859479	-1.64332434141228	0.0105559286239456	2.54644279386213	0
5.86265272081394	-1.49435764180656	-1.64346149270806	0.0105918851540352	2.54713955147570	0
5.86839219605811	-1.49423764678645	-1.64355525242841	0.0106232675130467	2.54782854867282	0
5.87413467671890	-1.49411065388385	-1.64369392173020	0.0106597042610778	2.54852573956575	0
5.87988198078015	-1.49398916603946	-1.64378905170394	0.0106915177432582	2.54921511146392	0
5.88563224177152	-1.49386082660703	-1.64392896171741	0.0107283554888714	2.54991262874611	0
5.89138727382724	-1.49373813812547	-1.64402518218139	0.0107605200491517	2.55060226670731	0
5.89714520773094	-1.49360874687757	-1.64416605106646	0.0107976779850304	2.55130000002973	0
5.90290785371563	-1.49348515507235	-1.64426307774035	0.0108301119904393	2.55198979196223	0
5.90867333986835	-1.49335501185590	-1.64440461912442	0.0108675077180585	2.55268762752421	0
5.91444347246740	-1.49323081916955	-1.64450216322398	0.0109001279434896	2.55337745789069	0
5.92021637696131	-1.49310022896690	-1.64464408621339	0.0109376774686277	2.55407527844865	0
5.92599385561833	-1.49297574297387	-1.64474185446165	0.0109703990923149	2.55476502827558	0
5.93177403131467	-1.49284501590616	-1.64488386365094	0.0110080168202132	2.55546271315273	0
5.93755870225111	-1.49272054931648	-1.64498155828689	0.0110407534187883	2.55615226004074	0
5.94334598880565	-1.49259000064808	-1.64512335376524	0.0110783521488215	2.55684968513773	0
5.94913768505196	-1.49246587131229	-1.64522067254933	0.0111110156917961	2.55753890327261	0
5.95493190895102	-1.49233582145667	-1.64536194990353	0.0111485066114784	2.55823594107857	0
5.96073045038741	-1.49221235237261	-1.64545858611938	0.0111810074549659	2.55892470124251	0
5.96653142499324	-1.49208312690056	-1.64559903643258	0.0112183001330894	2.55962122084622	0
5.97233661839957	-1.49196064622287	-1.64569467888389	0.0112505470125318	2.56030939042898	0
5.97814414400350	-1.49183257587380	-1.64583398872915	0.0112875493911836	2.56100525752954	0
5.98395578311544	-1.49171141692698	-1.64592832173094	0.0113194494128168	2.56169270053885	0
5.98976964699698	-1.49158483762433	-1.64606617315855	0.0113560677979813	2.56238777745551	0
5.99558751256788	-1.49146533892052	-1.64615887652143	0.0113875264287061	2.56307435452623	0
6.00140748905777	-1.49134059179253	-1.64629494703864	0.0114236654790915	2.56376850020651	0
6.00723134892274	-1.49122309705532	-1.64638569604487	0.0114545865343710	2.56445406860783	0
6.01305719946797	-1.49110052846255	-1.64651965858667	0.0114901492480485	2.56514713863339	0
6.01888680860957	-1.49098538665841	-1.64660812395618	0.0115204348773693	2.56583155227331	0
6.02471828183803	-1.49086534822975	-1.64673964684529	0.0115553225757252	2.56652339886260	0
6.03055338244965	-1.49075291360884	-1.64682549469006	0.0115848732450923	2.56720650828875	0
6.03639021423172	-1.49063576228797	-1.64695424158411	0.0116189855535142	2.56789698029559	0
6.04223053577718	-1.49052639443660	-1.64703713334853	0.0116477000243505	2.56857863269142	0
6.04807244928223	-1.49041249254128	-1.64716276317216	0.0116809348489719	2.56926757559843	0
6.05391770854885	-1.49030655644843	-1.64724235555692	0.0117087101526806	2.56994761477365	0
6.05976441429331	-1.49019627174532	-1.64736452241602	0.0117409636523812	2.57063487067918	0
6.06561431543461	-1.49009413788636	-1.64744046728260	0.0117676950597197	2.57131313705306	0
6.07146551131884	-1.48998784368456	-1.64755882035751	0.0117988616124563	2.57199854465038	0
6.07731974588538	-1.48988988812542	-1.64763076460975	0.0118244425967052	2.57267487522648	0
6.08317511721646	-1.48978796339257	-1.64774494802380	0.0118544147590806	2.57335826977355	0
6.08903336417006	-1.48969456791860	-1.64781253346280	0.0118787369518385	2.57403249810415	0
6.09489258366694	-1.48959739742382	-1.64792218612178	0.0119074054106375	2.57471371138217	0
6.10075450937633	-1.48950894969794	-1.64798504926920	0.0119303585488547	2.57538566752044	0
6.10661723715392	-1.48941692418681	-1.64808980466689	0.0119576120630497	2.57606452777901	0
6.11248249536681	-1.48933381794267	-1.64814757655149	0.0119790839256894	2.57673403821670	0
6.11834837889527	-1.48924733435030	-1.64824706253523	0.0120048092571643	2.57741037010327	0
6.12421661068409	-1.48916996962685	-1.64829936843610	0.0120246855895819	2.57807725769119	0
6.13008528471908	-1.48908943133603	-1.64839320692564	0.0120487674205054	2.57875088216191	0
6.13595611839519	-1.48901821476130	-1.64843966606483	0.0120669318443049	2.57941496601028	0
6.14182720487469	-1.48894403191436	-1.64852747271623	0.0120892526787110	2.58008570021895	0
6.14770025586684	-1.48887937704762	-1.64856769789172	0.0121055865844162	2.58074679557401	0
6.15357336376957	-1.48881196692164	-1.64864908169675	0.0121260266310922	2.58141445273527	0
6.15944823446122	-1.48875429466470	-1.64868267884547	0.0121404090504662	2.58207237082790	0
6.16532295962069	-1.48869408212232	-1.64875724165492	0.0121588460836878	2.58273676005007	0
6.17119923913957	-1.48864382121308	-1.64878380933320	0.0121711535379231	2.58339130791144	0
6.17707516400764	-1.48859123924281	-1.64885114529055	0.0121874627318914	2.58405223399356	0
6.18295242796181	-1.48854882684664	-1.64887027405687	0.0121975690511084	2.58470321423186	0
6.18882912131423	-1.48850431721009	-1.64892996892558	0.0122116227830808	2.58536047741839	0
6.19470693146523	-1.48847019962795	-1.64894124060754	0.0122193988916312	2.58600768794940	0
6.20058394803999	-1.48843421363472	-1.64899287097190	0.0122310665076661	2.58666108363456	0
6.20646185190413	-1.48840884715113	-1.64899585779509	0.0122363801685172	2.58730431735732	0
6.21233873196258	-1.48838184658699	-1.64903899011019	0.0122455277043894	2.58795363572944	0
6.21821626232910	-1.48836569848613	-1.64903325366170	0.0122482432143256	2.58859268013629	0
6.22409253112690	-1.48834815672596	-1.64906744312184	0.0122547330624208	2.58923770575034	0
6.22996920547817	-1.48834170651109	-1.64905253311469	0.0122547108878306	2.58987234245803	0
6.23584437263083	-1.48833410985589	-1.64907732230281	0.0122584013985839	2.59051285372136	0
6.24171969244896	-1.48833785071612	-1.64905277509873	0.0122554977389994	2.59114285790677	0
6.24759325283367	-1.48834070000197	-1.64906769239445	0.0122562427450105	2.59177862664309	0
6.25346670609480	-1.48835514060002	-1.64903302915998	0.0122503089982656	2.59240376670582	0
6.25933814355534	-1.48836895317185	-1.64903758680439	0.0122479572331820	2.59303455789838	0
6.26520920964133	-1.48839461985682	-1.64899231125787	0.0122388393371182	2.59365459523735	0
6.27107799145698	-1.48841993199417	-1.64898600283163	0.0122332337097730	2.59428016559836	0
6.27694612515980	-1.48845737135948	-1.64892959901027	0.0122207714137517	2.59489485207849	0
6.28281169576384	-1.48849474113329	-1.64891189668569	0.0122117481728093	2.59551494843014	0
6.28867633071329	-1.48854452325932	-1.64884382543845	0.0121957740563298	2.59612402561927	0
6.29453811177274	-1.48859453408328	-1.64881417642292	0.0121831617406321	2.59673838370607	0
6.30039865715244	-1.48865725643503	-1.64873387176529	0.0121635000841102	2.59734158124841	0
6.30625604586484	-1.48872052144819	-1.64869169404199	0.0121471182395720	2.59794992409478	0
6.31211188626940	-1.48879681381472	-1.64859855819538	0.0121235835646823	2.59854695802253	0
6.31796425371427	-1.48887398138963	-1.64854323511286	0.0121032411277396	2.59914899390829	0
6.32381474596705	-1.48896451204511	-1.64843663256330	0.0120756363992484	2.59973956424955	0
6.32966143432519	-1.48905627274913	-1.64836750606437	0.0120511296607628	2.60033498408385	0
6.33550590506008	-1.48916175634370	-1.64824675583223	0.0120192439741860	2.60091877195342	0
6.34134622429530	-1.48926885188138	-1.64816311774983	0.0119903539647146	2.60150724592404	0
6.34718396568271	-1.48939005961676	-1.64802748353990	0.0119539595762707	2.60208390966438	0
6.35301718901410	-1.48951329448492	-1.64792856429956	0.0119204486639078	2.60266508285347	0
6.35884745389768	-1.48965106752680	-1.64777724149145	0.0118792970752896	2.60323425302297	0
6.36467281199285	-1.48979132451518	-1.64766219510778	0.0118409044450067	2.60380773959984	0
6.37049480701534	-1.48994659201206	-1.64749429335436	0.0117947211526619	2.60436901221355	0
6.37631148015427	-1.49010485329842	-1.64736217706205	0.0117511566613621	2.60493438754456	0
6.38212435676366	-1.49027865725285	-1.64717669629464	0.0116996339146849	2.60548731479955	0
6.38793146414062	-1.49045603395355	-1.64702644206249	0.0116505694916540	2.60604410443218	0
6.39373430586416	-1.49064956464465	-1.64682223839590	0.0115933559912363	2.60658818152062	0
6.39953089030194	-1.49084733970770	-1.64665261165118	0.0115384131686881	2.60713584523320	0
6.40532269433130	-1.49106198821788	-1.64642834690379	0.0114750988054757	2.60767049085344	0
6.41110769932551	-1.49128168156694	-1.64623788393617	0.0114138297990721	2.60820839848076	0
6.41688734794088	-1.49151912178047	-1.64599194696600	0.0113439218570967	2.60873292446691	0
6.42265958041365	-1.49176259526923	-1.64577885421181	0.0112757791143372	2.60926031696620	0
6.42842579280370	-1.49202492097482	-1.64550922960821	0.0111986625254725	2.60977387753209	0
6.43418385535244	-1.49229456159337	-1.64527120803012	0.0111229456197909	2.61028979881070	0
6.43993509483529	-1.49258453877145	-1.64497523493657	0.0110378099154099	2.61079129686591	0
6.44567723689812	-1.49288361734282	-1.64470913639008	0.0109535616581550	2.61129445876681	0
6.45141148977176	-1.49320522051702	-1.64438299693839	0.0108592458858757	2.61178234463675	0
6.45618688898450	-1.49348347902049	-1.64412486484638	0.0107798234316438	2.61218850124509	0
6.46191547873739	-1.49383755638326	-1.64378723269911	0.0106778717305839	2.61266695593721	0